ISO28178
ORIGINATOR "ISO TC130"
FILE_DESCRIPTOR "ISO15339-CRPC6"
# ISO/PAS 15339-2 Characterized Reference Printing Condition 6, Typical Premium Coated
CREATED "2012-12-01"
MEASUREMENT_GEOMETRY "ISO 13655 - Reflection, M1"
FILTER "D50"
SAMPLE_BACKING "White"
# Reference White Point (LAB) = 95.00  1.00  -4.00
# Reference Black Point (LAB) = 9.05  0.20  0.39
NUMBER_OF_FIELDS 8
BEGIN_DATA_FORMAT
SAMPLE_ID	CMYK_C	CMYK_M	CMYK_Y	CMYK_K	LAB_L	LAB_A	LAB_B
END_DATA_FORMAT
NUMBER_OF_SETS 1617
BEGIN_DATA
1	0	0	0	0	95.00	1.00	-4.00
2	0	10	0	0	89.89	7.72	-5.04
3	0	20	0	0	85.05	14.22	-5.96
4	0	30	0	0	80.06	21.14	-6.71
5	0	40	0	0	75.09	28.30	-7.25
6	0	55	0	0	67.50	40.05	-7.48
7	0	70	0	0	59.97	52.78	-6.79
8	0	85	0	0	52.96	65.55	-5.37
9	0	100	0	0	48.00	75.00	-4.00
10	10	0	0	0	90.99	-2.33	-8.84
11	10	10	0	0	86.16	4.15	-9.70
12	10	20	0	0	81.51	10.45	-10.46
13	10	30	0	0	76.73	17.16	-11.11
14	10	40	0	0	71.93	24.14	-11.59
15	10	55	0	0	64.65	35.50	-11.71
16	10	70	0	0	57.40	47.81	-11.05
17	10	85	0	0	50.62	60.22	-9.77
18	10	100	0	0	45.82	69.39	-8.63
19	20	0	0	0	87.09	-5.66	-13.59
20	20	10	0	0	82.45	0.61	-14.26
21	20	20	0	0	78.03	6.71	-14.88
22	20	30	0	0	73.45	13.21	-15.39
23	20	40	0	0	68.85	20.07	-15.71
24	20	55	0	0	61.85	31.01	-15.82
25	20	70	0	0	54.86	42.94	-15.19
26	20	85	0	0	48.28	55.00	-14.07
27	20	100	0	0	43.60	63.95	-13.07
28	30	0	0	0	83.14	-9.14	-18.38
29	30	10	0	0	78.72	-3.09	-18.84
30	30	20	0	0	74.50	2.83	-19.33
31	30	30	0	0	70.14	9.13	-19.70
32	30	40	0	0	65.74	15.77	-19.92
33	30	55	0	0	59.01	26.41	-19.95
34	30	70	0	0	52.28	37.97	-19.36
35	30	85	0	0	45.90	49.72	-18.34
36	30	100	0	0	41.34	58.43	-17.50
37	40	0	0	0	79.15	-12.76	-23.17
38	40	10	0	0	74.93	-6.85	-23.48
39	40	20	0	0	70.91	-1.14	-23.78
40	40	30	0	0	66.76	4.97	-24.00
41	40	40	0	0	62.61	11.35	-24.11
42	40	55	0	0	56.14	21.68	-24.04
43	40	70	0	0	49.66	32.93	-23.47
44	40	85	0	0	43.48	44.33	-22.60
45	40	100	0	0	39.03	52.81	-21.85
46	55	0	0	0	73.06	-18.68	-30.35
47	55	10	0	0	69.18	-12.98	-30.38
48	55	20	0	0	65.47	-7.49	-30.47
49	55	30	0	0	61.64	-1.63	-30.49
50	55	40	0	0	57.76	4.51	-30.42
51	55	55	0	0	51.76	14.32	-30.28
52	55	70	0	0	45.64	25.09	-29.68
53	55	85	0	0	39.78	36.01	-28.98
54	55	100	0	0	35.51	44.18	-28.46
55	70	0	0	0	66.79	-25.16	-37.63
56	70	10	0	0	63.23	-19.67	-37.40
57	70	20	0	0	59.85	-14.41	-37.22
58	70	30	0	0	56.34	-8.79	-37.01
59	70	40	0	0	52.76	-2.91	-36.75
60	70	55	0	0	47.19	6.50	-36.43
61	70	70	0	0	41.46	16.82	-35.88
62	70	85	0	0	35.91	27.32	-35.36
63	70	100	0	0	31.84	35.11	-35.02
64	85	0	0	0	60.64	-31.84	-44.65
65	85	10	0	0	57.43	-26.57	-44.11
66	85	20	0	0	54.38	-21.50	-43.65
67	85	30	0	0	51.16	-16.07	-43.21
68	85	40	0	0	47.87	-10.39	-42.79
69	85	55	0	0	42.73	-1.30	-42.26
70	85	70	0	0	37.38	8.64	-41.73
71	85	85	0	0	32.11	18.80	-41.38
72	85	100	0	0	28.19	26.32	-41.22
73	100	0	0	0	56.00	-37.00	-50.00
74	100	10	0	0	53.07	-32.10	-49.14
75	100	20	0	0	50.23	-27.18	-48.51
76	100	30	0	0	47.24	-21.89	-47.90
77	100	40	0	0	44.12	-16.25	-47.39
78	100	55	0	0	39.27	-7.40	-46.77
79	100	70	0	0	34.23	2.27	-46.20
80	100	85	0	0	29.09	12.22	-46.00
81	100	100	0	0	25.00	20.00	-46.00
82	0	0	10	0	94.22	0.12	4.76
83	0	10	10	0	89.26	6.85	3.27
84	0	20	10	0	84.50	13.39	1.97
85	0	30	10	0	79.62	20.32	0.85
86	0	40	10	0	74.73	27.53	0.06
87	0	55	10	0	67.31	39.29	-0.86
88	0	70	10	0	59.97	51.94	-0.71
89	0	85	10	0	53.14	64.66	0.04
90	0	100	10	0	48.29	74.10	0.87
91	10	0	10	0	90.27	-3.53	-0.18
92	10	10	10	0	85.54	2.36	-1.59
93	10	20	10	0	80.81	8.92	-2.76
94	10	30	10	0	76.02	15.88	-3.82
95	10	40	10	0	71.21	23.19	-4.59
96	10	55	10	0	64.08	34.67	-5.30
97	10	70	10	0	56.95	47.16	-5.20
98	10	85	10	0	50.47	59.33	-4.52
99	10	100	10	0	45.91	68.29	-3.79
100	20	0	10	0	86.38	-7.13	-5.00
101	20	10	10	0	81.71	-1.60	-6.49
102	20	20	10	0	77.18	4.82	-7.53
103	20	30	10	0	72.61	11.58	-8.44
104	20	40	10	0	68.02	18.75	-9.09
105	20	55	10	0	61.17	29.91	-9.70
106	20	70	10	0	54.29	42.07	-9.62
107	20	85	10	0	48.01	53.94	-9.04
108	20	100	10	0	43.57	62.68	-8.40
109	30	0	10	0	82.47	-10.88	-9.88
110	30	10	10	0	78.05	-5.40	-11.11
111	30	20	10	0	73.74	0.78	-12.02
112	30	30	10	0	69.32	7.32	-12.84
113	30	40	10	0	64.92	14.29	-13.40
114	30	55	10	0	58.32	25.15	-13.95
115	30	70	10	0	51.67	36.98	-13.90
116	30	85	10	0	45.58	48.56	-13.43
117	30	100	10	0	41.26	57.07	-12.90
118	40	0	10	0	78.55	-14.75	-14.77
119	40	10	10	0	74.44	-9.18	-15.62
120	40	20	10	0	70.32	-3.21	-16.32
121	40	30	10	0	66.12	3.14	-17.00
122	40	40	10	0	61.88	9.83	-17.57
123	40	55	10	0	55.52	20.38	-18.07
124	40	70	10	0	49.09	31.89	-18.05
125	40	85	10	0	43.16	43.15	-17.68
126	40	100	10	0	38.94	51.44	-17.23
127	55	0	10	0	72.51	-21.21	-22.05
128	55	10	10	0	68.84	-15.50	-22.44
129	55	20	10	0	65.06	-9.73	-22.97
130	55	30	10	0	61.17	-3.65	-23.44
131	55	40	10	0	57.23	2.77	-23.85
132	55	55	10	0	51.22	12.89	-24.27
133	55	70	10	0	45.13	23.93	-24.27
134	55	85	10	0	39.48	34.74	-24.05
135	55	100	10	0	35.43	42.71	-23.79
136	70	0	10	0	66.29	-28.26	-29.48
137	70	10	10	0	63.01	-22.54	-29.51
138	70	20	10	0	59.56	-16.99	-29.76
139	70	30	10	0	55.99	-11.12	-30.02
140	70	40	10	0	52.36	-4.95	-30.23
141	70	55	10	0	46.78	4.80	-30.45
142	70	70	10	0	41.04	15.47	-30.45
143	70	85	10	0	35.69	25.84	-30.38
144	70	100	10	0	31.82	33.45	-30.27
145	85	0	10	0	60.20	-35.50	-36.59
146	85	10	10	0	57.17	-30.05	-36.48
147	85	20	10	0	54.04	-24.66	-36.50
148	85	30	10	0	50.79	-18.97	-36.50
149	85	40	10	0	47.46	-13.02	-36.46
150	85	55	10	0	42.31	-3.57	-36.48
151	85	70	10	0	36.96	6.69	-36.47
152	85	85	10	0	31.90	16.78	-36.49
153	85	100	10	0	28.23	24.12	-36.53
154	100	0	10	0	55.58	-41.34	-42.01
155	100	10	10	0	52.72	-36.09	-41.75
156	100	20	10	0	49.84	-30.84	-41.54
157	100	30	10	0	46.82	-25.27	-41.35
158	100	40	10	0	43.69	-19.36	-41.18
159	100	55	10	0	38.86	-10.09	-41.05
160	100	70	10	0	33.81	-0.11	-41.03
161	100	85	10	0	28.96	9.70	-41.16
162	100	100	10	0	25.29	17.00	-41.33
163	0	0	20	0	93.49	-0.71	13.36
164	0	10	20	0	88.60	6.01	11.51
165	0	20	20	0	83.95	12.54	9.90
166	0	30	20	0	79.17	19.48	8.43
167	0	40	20	0	74.38	26.78	7.27
168	0	55	20	0	67.09	38.45	5.80
169	0	70	20	0	59.91	51.04	5.29
170	0	85	20	0	53.21	63.72	5.47
171	0	100	20	0	48.47	73.14	5.87
172	10	0	20	0	89.58	-4.56	8.31
173	10	10	20	0	84.92	1.26	6.76
174	10	20	20	0	80.27	7.86	5.16
175	10	30	20	0	75.55	14.84	3.71
176	10	40	20	0	70.83	22.20	2.55
177	10	55	20	0	63.81	33.69	1.21
178	10	70	20	0	56.83	46.16	0.64
179	10	85	20	0	50.47	58.34	0.77
180	10	100	20	0	46.00	67.29	1.11
181	20	0	20	0	85.76	-8.38	3.36
182	20	10	20	0	81.12	-2.89	1.72
183	20	20	20	0	76.65	3.52	0.21
184	20	30	20	0	72.09	10.30	-1.11
185	20	40	20	0	67.46	17.52	-2.21
186	20	55	20	0	60.64	28.77	-3.46
187	20	70	20	0	53.84	41.11	-4.02
188	20	85	20	0	47.77	52.88	-3.96
189	20	100	20	0	43.53	61.43	-3.71
190	30	0	20	0	81.88	-12.40	-1.63
191	30	10	20	0	77.49	-6.95	-3.06
192	30	20	20	0	73.18	-0.77	-4.45
193	30	30	20	0	68.80	5.86	-5.68
194	30	40	20	0	64.34	12.90	-6.70
195	30	55	20	0	57.77	23.88	-7.87
196	30	70	20	0	51.19	35.90	-8.46
197	30	85	20	0	45.29	47.40	-8.46
198	30	100	20	0	41.17	55.75	-8.30
199	40	0	20	0	77.98	-16.63	-6.56
200	40	10	20	0	73.89	-10.98	-7.69
201	40	20	20	0	69.79	-5.01	-8.86
202	40	30	20	0	65.59	1.46	-9.95
203	40	40	20	0	61.33	8.29	-10.95
204	40	55	20	0	54.99	19.00	-12.08
205	40	70	20	0	48.62	30.73	-12.66
206	40	85	20	0	42.88	41.95	-12.77
207	40	100	20	0	38.84	50.09	-12.65
208	55	0	20	0	72.02	-23.44	-14.07
209	55	10	20	0	68.34	-17.67	-14.76
210	55	20	20	0	64.62	-11.84	-15.57
211	55	30	20	0	60.70	-5.58	-16.48
212	55	40	20	0	56.72	1.03	-17.32
213	55	55	20	0	50.75	11.36	-18.34
214	55	70	20	0	44.68	22.66	-18.96
215	55	85	20	0	39.21	33.42	-19.17
216	55	100	20	0	35.33	41.26	-19.20
217	70	0	20	0	65.84	-31.02	-21.67
218	70	10	20	0	62.55	-25.20	-21.99
219	70	20	20	0	59.22	-19.44	-22.46
220	70	30	20	0	55.62	-13.39	-23.13
221	70	40	20	0	51.94	-7.00	-23.78
222	70	55	20	0	46.38	3.00	-24.59
223	70	70	20	0	40.67	13.95	-25.15
224	70	85	20	0	35.47	24.29	-25.50
225	70	100	20	0	31.76	31.78	-25.66
226	85	0	20	0	59.80	-38.83	-28.91
227	85	10	20	0	56.76	-33.24	-29.12
228	85	20	20	0	53.69	-27.69	-29.43
229	85	30	20	0	50.41	-21.79	-29.84
230	85	40	20	0	47.04	-15.57	-30.20
231	85	55	20	0	41.92	-5.86	-30.77
232	85	70	20	0	36.60	4.68	-31.29
233	85	85	20	0	31.70	14.79	-31.68
234	85	100	20	0	28.21	22.01	-31.95
235	100	0	20	0	55.21	-45.11	-34.45
236	100	10	20	0	52.34	-39.73	-34.50
237	100	20	20	0	49.46	-34.35	-34.65
238	100	30	20	0	46.43	-28.55	-34.84
239	100	40	20	0	43.26	-22.34	-35.05
240	100	55	20	0	38.47	-12.81	-35.44
241	100	70	20	0	33.47	-2.56	-35.93
242	100	85	20	0	28.80	7.22	-36.38
243	100	100	20	0	25.42	14.33	-36.74
244	0	0	30	0	92.80	-1.48	22.40
245	0	10	30	0	87.97	5.25	20.11
246	0	20	30	0	83.42	11.78	18.16
247	0	30	30	0	78.72	18.73	16.26
248	0	40	30	0	74.03	26.03	14.71
249	0	55	30	0	66.88	37.68	12.63
250	0	70	30	0	59.83	50.25	11.46
251	0	85	30	0	53.26	62.89	11.01
252	0	100	30	0	48.59	72.29	10.96
253	10	0	30	0	88.92	-5.55	17.19
254	10	10	30	0	84.33	0.38	15.06
255	10	20	30	0	79.76	6.97	13.09
256	10	30	30	0	75.10	13.93	11.20
257	10	40	30	0	70.46	21.31	9.67
258	10	55	30	0	63.56	32.80	7.73
259	10	70	30	0	56.70	45.28	6.57
260	10	85	30	0	50.46	57.42	6.10
261	10	100	30	0	46.06	66.38	6.04
262	20	0	30	0	85.13	-9.59	12.11
263	20	10	30	0	80.57	-3.97	9.90
264	20	20	30	0	76.13	2.39	7.97
265	20	30	30	0	71.63	9.22	6.18
266	20	40	30	0	67.06	16.46	4.68
267	20	55	30	0	60.34	27.75	2.80
268	20	70	30	0	53.65	40.12	1.67
269	20	85	30	0	47.69	51.89	1.18
270	20	100	30	0	43.52	60.48	1.07
271	30	0	30	0	81.29	-13.85	6.99
272	30	10	30	0	76.93	-8.33	4.96
273	30	20	30	0	72.67	-2.10	3.16
274	30	30	30	0	68.33	4.58	1.46
275	30	40	30	0	63.93	11.68	0.05
276	30	55	30	0	57.40	22.73	-1.78
277	30	70	30	0	50.84	34.87	-2.95
278	30	85	30	0	45.06	46.33	-3.51
279	30	100	30	0	41.06	54.59	-3.68
280	40	0	30	0	77.42	-18.39	1.93
281	40	10	30	0	73.35	-12.61	0.25
282	40	20	30	0	69.29	-6.57	-1.37
283	40	30	30	0	65.13	-0.02	-2.96
284	40	40	30	0	60.90	6.89	-4.37
285	40	55	30	0	54.60	17.70	-6.12
286	40	70	30	0	48.25	29.60	-7.26
287	40	85	30	0	42.64	40.80	-7.87
288	40	100	30	0	38.73	48.86	-8.06
289	55	0	30	0	71.50	-25.59	-5.76
290	55	10	30	0	67.84	-19.68	-7.02
291	55	20	30	0	64.13	-13.74	-8.27
292	55	30	30	0	60.25	-7.37	-9.65
293	55	40	30	0	56.29	-0.68	-10.92
294	55	55	30	0	50.36	9.82	-12.54
295	55	70	30	0	44.33	21.35	-13.66
296	55	85	30	0	38.97	32.14	-14.33
297	55	100	30	0	35.21	39.93	-14.65
298	70	0	30	0	65.36	-33.70	-13.57
299	70	10	30	0	62.08	-27.70	-14.43
300	70	20	30	0	58.76	-21.77	-15.36
301	70	30	30	0	55.22	-15.50	-16.40
302	70	40	30	0	51.53	-8.95	-17.45
303	70	55	30	0	46.02	1.23	-18.86
304	70	70	30	0	40.34	12.39	-19.92
305	70	85	30	0	35.26	22.79	-20.68
306	70	100	30	0	31.67	30.23	-21.11
307	85	0	30	0	59.35	-42.07	-21.03
308	85	10	30	0	56.32	-36.28	-21.71
309	85	20	30	0	53.26	-30.54	-22.43
310	85	30	30	0	50.03	-24.42	-23.21
311	85	40	30	0	46.65	-17.99	-23.99
312	85	55	30	0	41.56	-8.04	-25.13
313	85	70	30	0	36.29	2.73	-26.13
314	85	85	30	0	31.50	12.84	-26.93
315	85	100	30	0	28.12	20.03	-27.44
316	100	0	30	0	54.77	-48.82	-26.70
317	100	10	30	0	51.91	-43.19	-27.23
318	100	20	30	0	49.05	-37.57	-27.77
319	100	30	30	0	46.02	-31.54	-28.39
320	100	40	30	0	42.87	-25.17	-28.95
321	100	55	30	0	38.13	-15.39	-29.88
322	100	70	30	0	33.17	-4.90	-30.82
323	100	85	30	0	28.61	4.90	-31.68
324	100	100	30	0	25.37	11.94	-32.27
325	0	0	40	0	92.13	-2.16	31.60
326	0	10	40	0	87.38	4.65	28.98
327	0	20	40	0	82.90	11.20	26.63
328	0	30	40	0	78.28	18.15	24.32
329	0	40	40	0	73.68	25.38	22.21
330	0	55	40	0	66.63	37.00	19.57
331	0	70	40	0	59.70	49.54	17.71
332	0	85	40	0	53.23	62.11	16.59
333	0	100	40	0	48.61	71.46	16.14
334	10	0	40	0	88.29	-6.45	26.23
335	10	10	40	0	83.72	-0.34	23.75
336	10	20	40	0	79.25	6.26	21.38
337	10	30	40	0	74.67	13.21	19.09
338	10	40	40	0	70.07	20.52	17.00
339	10	55	40	0	63.29	32.01	14.47
340	10	70	40	0	56.53	44.48	12.64
341	10	85	40	0	50.39	56.60	11.56
342	10	100	40	0	46.05	65.51	11.11
343	20	0	40	0	84.54	-10.68	21.05
344	20	10	40	0	80.00	-4.85	18.45
345	20	20	40	0	75.59	1.43	16.08
346	20	30	40	0	71.15	8.28	13.88
347	20	40	40	0	66.66	15.52	11.85
348	20	55	40	0	60.04	26.83	9.38
349	20	70	40	0	53.45	39.22	7.57
350	20	85	40	0	47.57	50.99	6.50
351	20	100	40	0	43.46	59.57	6.04
352	30	0	40	0	80.72	-15.17	15.79
353	30	10	40	0	76.37	-9.42	13.34
354	30	20	40	0	72.14	-3.25	11.10
355	30	30	40	0	67.85	3.47	9.00
356	30	40	40	0	63.51	10.57	7.05
357	30	55	40	0	57.06	21.66	4.62
358	30	70	40	0	50.59	33.86	2.79
359	30	85	40	0	44.91	45.33	1.70
360	30	100	40	0	40.98	53.60	1.18
361	40	0	40	0	76.89	-19.94	10.51
362	40	10	40	0	72.83	-14.11	8.43
363	40	20	40	0	68.79	-7.99	6.38
364	40	30	40	0	64.67	-1.39	4.37
365	40	40	40	0	60.49	5.56	2.48
366	40	55	40	0	54.25	16.46	0.15
367	40	70	40	0	47.97	28.45	-1.64
368	40	85	40	0	42.43	39.70	-2.79
369	40	100	40	0	38.61	47.73	-3.33
370	55	0	40	0	70.99	-27.52	2.62
371	55	10	40	0	67.35	-21.54	0.95
372	55	20	40	0	63.66	-15.50	-0.76
373	55	30	40	0	59.79	-9.05	-2.55
374	55	40	40	0	55.88	-2.35	-4.33
375	55	55	40	0	49.99	8.29	-6.49
376	55	70	40	0	44.03	19.98	-8.20
377	55	85	40	0	38.75	30.89	-9.36
378	55	100	40	0	35.09	38.67	-9.98
379	70	0	40	0	64.86	-36.11	-5.45
380	70	10	40	0	61.61	-29.99	-6.71
381	70	20	40	0	58.30	-23.95	-8.05
382	70	30	40	0	54.78	-17.55	-9.49
383	70	40	40	0	51.12	-10.87	-11.01
384	70	55	40	0	45.65	-0.55	-12.95
385	70	70	40	0	40.05	10.76	-14.57
386	70	85	40	0	35.04	21.28	-15.77
387	70	100	40	0	31.55	28.73	-16.47
388	85	0	40	0	58.86	-45.00	-13.19
389	85	10	40	0	55.85	-39.05	-14.23
390	85	20	40	0	52.82	-33.15	-15.32
391	85	30	40	0	49.61	-26.89	-16.47
392	85	40	40	0	46.27	-20.29	-17.68
393	85	55	40	0	41.23	-10.16	-19.30
394	85	70	40	0	36.01	0.76	-20.85
395	85	85	40	0	31.30	10.94	-22.08
396	85	100	40	0	28.00	18.14	-22.86
397	100	0	40	0	54.26	-52.09	-19.06
398	100	10	40	0	51.41	-46.25	-19.94
399	100	20	40	0	48.59	-40.48	-20.84
400	100	30	40	0	45.60	-34.32	-21.77
401	100	40	40	0	42.51	-27.80	-22.79
402	100	55	40	0	37.81	-17.86	-24.16
403	100	70	40	0	32.90	-7.19	-25.61
404	100	85	40	0	28.41	2.67	-26.87
405	100	100	40	0	25.23	9.68	-27.71
406	0	0	55	0	91.16	-3.01	46.52
407	0	10	55	0	86.50	3.86	43.11
408	0	20	55	0	82.12	10.42	40.14
409	0	30	55	0	77.60	17.36	37.14
410	0	40	55	0	73.09	24.59	34.42
411	0	55	55	0	66.22	36.08	30.59
412	0	70	55	0	59.42	48.54	27.61
413	0	85	55	0	53.08	61.01	25.42
414	0	100	55	0	48.55	70.25	24.19
415	10	0	55	0	87.37	-7.61	40.83
416	10	10	55	0	82.88	-1.30	37.48
417	10	20	55	0	78.51	5.29	34.49
418	10	30	55	0	74.05	12.21	31.53
419	10	40	55	0	69.55	19.50	28.80
420	10	55	55	0	62.83	30.92	25.05
421	10	70	55	0	56.20	43.36	22.18
422	10	85	55	0	50.19	55.42	20.08
423	10	100	55	0	45.93	64.27	18.91
424	20	0	55	0	83.67	-12.11	35.34
425	20	10	55	0	79.21	-6.05	31.94
426	20	20	55	0	74.88	0.18	28.84
427	20	30	55	0	70.51	7.05	25.95
428	20	40	55	0	66.09	14.31	23.27
429	20	55	55	0	59.55	25.58	19.62
430	20	70	55	0	53.08	37.98	16.79
431	20	85	55	0	47.34	49.73	14.77
432	20	100	55	0	43.33	58.26	13.63
433	30	0	55	0	79.89	-16.89	29.78
434	30	10	55	0	75.61	-10.91	26.57
435	30	20	55	0	71.43	-4.76	23.59
436	30	30	55	0	67.17	1.97	20.76
437	30	40	55	0	62.88	9.13	18.17
438	30	55	55	0	56.55	20.21	14.63
439	30	70	55	0	50.21	32.47	11.79
440	30	85	55	0	44.65	43.96	9.77
441	30	100	55	0	40.81	52.21	8.64
442	40	0	55	0	76.06	-21.97	24.23
443	40	10	55	0	72.05	-15.93	21.32
444	40	20	55	0	68.07	-9.79	18.56
445	40	30	55	0	63.98	-3.14	15.88
446	40	40	55	0	59.86	3.90	13.39
447	40	55	55	0	53.73	14.83	9.99
448	40	70	55	0	47.57	26.89	7.20
449	40	85	55	0	42.15	38.18	5.15
450	40	100	55	0	38.43	46.20	3.99
451	55	0	55	0	70.21	-30.11	15.80
452	55	10	55	0	66.60	-23.96	13.40
453	55	20	55	0	62.95	-17.82	11.01
454	55	30	55	0	59.13	-11.22	8.57
455	55	40	55	0	55.24	-4.34	6.29
456	55	55	55	0	49.45	6.39	3.07
457	55	70	55	0	43.62	18.12	0.41
458	55	85	55	0	38.44	29.13	-1.61
459	55	100	55	0	34.84	36.96	-2.79
460	70	0	55	0	64.10	-39.42	7.24
461	70	10	55	0	60.87	-33.09	5.31
462	70	20	55	0	57.61	-26.87	3.34
463	70	30	55	0	54.14	-20.29	1.26
464	70	40	55	0	50.53	-13.46	-0.78
465	70	55	55	0	45.14	-2.97	-3.66
466	70	70	55	0	39.63	8.47	-6.19
467	70	85	55	0	34.73	19.09	-8.17
468	70	100	55	0	31.28	26.67	-9.38
469	85	0	55	0	58.07	-49.10	-1.01
470	85	10	55	0	55.11	-42.88	-2.67
471	85	20	55	0	52.14	-36.77	-4.34
472	85	30	55	0	49.00	-30.29	-6.09
473	85	40	55	0	45.72	-23.51	-7.82
474	85	55	55	0	40.77	-13.20	-10.29
475	85	70	55	0	35.63	-2.04	-12.63
476	85	85	55	0	30.98	8.20	-14.59
477	85	100	55	0	27.71	15.51	-15.83
478	100	0	55	0	53.46	-56.77	-7.29
479	100	10	55	0	50.66	-50.65	-8.75
480	100	20	55	0	47.91	-44.64	-10.20
481	100	30	55	0	45.02	-38.23	-11.69
482	100	40	55	0	41.99	-31.56	-13.18
483	100	55	55	0	37.38	-21.36	-15.36
484	100	70	55	0	32.54	-10.46	-17.55
485	100	85	55	0	28.07	-0.49	-19.46
486	100	100	55	0	24.86	6.60	-20.76
487	0	0	70	0	90.29	-3.55	62.44
488	0	10	70	0	85.69	3.32	58.28
489	0	20	70	0	81.38	9.87	54.53
490	0	30	70	0	76.93	16.82	50.81
491	0	40	70	0	72.49	24.04	47.27
492	0	55	70	0	65.72	35.47	42.29
493	0	70	70	0	59.01	47.84	37.98
494	0	85	70	0	52.73	60.14	34.54
495	0	100	70	0	48.25	69.27	32.31
496	10	0	70	0	86.53	-8.34	56.40
497	10	10	70	0	82.08	-1.96	52.75
498	10	20	70	0	77.79	4.60	49.02
499	10	30	70	0	73.40	11.51	45.33
500	10	40	70	0	68.98	18.76	41.79
501	10	55	70	0	62.36	30.12	36.87
502	10	70	70	0	55.77	42.50	32.61
503	10	85	70	0	49.84	54.46	29.28
504	10	100	70	0	45.66	63.23	27.15
505	20	0	70	0	82.85	-13.04	50.55
506	20	10	70	0	78.44	-6.89	46.90
507	20	20	70	0	74.17	-0.68	43.33
508	20	30	70	0	69.86	6.17	39.73
509	20	40	70	0	65.51	13.41	36.22
510	20	55	70	0	59.06	24.65	31.41
511	20	70	70	0	52.64	37.00	27.19
512	20	85	70	0	47.00	48.70	23.95
513	20	100	70	0	43.06	57.18	21.89
514	30	0	70	0	79.08	-18.06	44.63
515	30	10	70	0	74.85	-11.99	41.18
516	30	20	70	0	70.72	-5.86	37.76
517	30	30	70	0	66.48	0.82	34.30
518	30	40	70	0	62.24	7.98	30.89
519	30	55	70	0	56.00	19.10	26.22
520	30	70	70	0	49.76	31.35	22.06
521	30	85	70	0	44.32	42.81	18.88
522	30	100	70	0	40.57	51.03	16.86
523	40	0	70	0	75.26	-23.41	38.70
524	40	10	70	0	71.27	-17.30	35.55
525	40	20	70	0	67.34	-11.16	32.36
526	40	30	70	0	63.29	-4.53	29.11
527	40	40	70	0	59.21	2.54	25.86
528	40	55	70	0	53.17	13.53	21.35
529	40	70	70	0	47.13	25.61	17.29
530	40	85	70	0	41.82	36.89	14.15
531	40	100	70	0	38.18	44.93	12.14
532	55	0	70	0	69.42	-32.02	29.71
533	55	10	70	0	65.80	-25.83	27.04
534	55	20	70	0	62.20	-19.67	24.25
535	55	30	70	0	58.45	-13.05	21.34
536	55	40	70	0	54.61	-6.08	18.34
537	55	55	70	0	48.91	4.70	14.13
538	55	70	70	0	43.18	16.53	10.20
539	55	85	70	0	38.10	27.56	7.14
540	55	100	70	0	34.59	35.45	5.13
541	70	0	70	0	63.25	-41.99	20.43
542	70	10	70	0	60.08	-35.60	18.33
543	70	20	70	0	56.89	-29.32	16.03
544	70	30	70	0	53.47	-22.67	13.50
545	70	40	70	0	49.94	-15.74	10.83
546	70	55	70	0	44.64	-5.11	7.00
547	70	70	70	0	39.24	6.42	3.42
548	70	85	70	0	34.35	17.15	0.36
549	70	100	70	0	30.95	24.80	-1.64
550	85	0	70	0	57.15	-52.45	11.43
551	85	10	70	0	54.29	-46.12	9.61
552	85	20	70	0	51.42	-39.91	7.64
553	85	30	70	0	48.37	-33.34	5.55
554	85	40	70	0	45.18	-26.43	3.29
555	85	55	70	0	40.34	-15.97	0.00
556	85	70	70	0	35.22	-4.68	-3.39
557	85	85	70	0	30.56	5.73	-6.28
558	85	100	70	0	27.27	13.06	-8.21
559	100	0	70	0	52.46	-60.77	4.59
560	100	10	70	0	49.81	-54.53	2.94
561	100	20	70	0	47.20	-48.34	1.24
562	100	30	70	0	44.42	-41.84	-0.56
563	100	40	70	0	41.49	-35.00	-2.49
564	100	55	70	0	36.97	-24.60	-5.46
565	100	70	70	0	32.14	-13.54	-8.59
566	100	85	70	0	27.59	-3.37	-11.32
567	100	100	70	0	24.28	3.88	-13.27
568	0	0	85	0	89.52	-3.89	79.22
569	0	10	85	0	84.95	3.02	74.24
570	0	20	85	0	80.70	9.57	69.69
571	0	30	85	0	76.28	16.50	65.13
572	0	40	85	0	71.87	23.70	60.76
573	0	55	85	0	65.14	35.07	54.44
574	0	70	85	0	58.46	47.27	48.74
575	0	85	85	0	52.19	59.42	43.98
576	0	100	85	0	47.69	68.44	40.85
577	10	0	85	0	85.77	-8.76	72.77
578	10	10	85	0	81.37	-2.33	68.42
579	10	20	85	0	77.13	4.21	63.95
580	10	30	85	0	72.78	11.09	59.46
581	10	40	85	0	68.40	18.30	55.12
582	10	55	85	0	61.83	29.60	48.90
583	10	70	85	0	55.31	41.83	43.28
584	10	85	85	0	49.37	53.69	38.62
585	10	100	85	0	45.20	62.36	35.57
586	20	0	85	0	82.10	-13.54	66.51
587	20	10	85	0	77.76	-7.36	62.22
588	20	20	85	0	73.53	-1.17	58.04
589	20	30	85	0	69.26	5.66	53.65
590	20	40	85	0	64.96	12.85	49.38
591	20	55	85	0	58.57	24.03	43.31
592	20	70	85	0	52.24	36.24	37.76
593	20	85	85	0	46.59	47.88	33.19
594	20	100	85	0	42.70	56.30	30.23
595	30	0	85	0	78.34	-18.73	60.17
596	30	10	85	0	74.16	-12.63	56.11
597	30	20	85	0	70.07	-6.51	52.13
598	30	30	85	0	65.87	0.13	47.97
599	30	40	85	0	61.68	7.26	43.82
600	30	55	85	0	55.50	18.35	37.94
601	30	70	85	0	49.36	30.50	32.49
602	30	85	85	0	43.95	41.94	28.02
603	30	100	85	0	40.25	50.14	25.11
604	40	0	85	0	74.52	-24.30	53.78
605	40	10	85	0	70.56	-18.16	50.07
606	40	20	85	0	66.67	-12.03	46.35
607	40	30	85	0	62.66	-5.43	42.45
608	40	40	85	0	58.62	1.61	38.53
609	40	55	85	0	52.65	12.58	32.86
610	40	70	85	0	46.70	24.65	27.54
611	40	85	85	0	41.47	35.94	23.18
612	40	100	85	0	37.89	43.95	20.30
613	55	0	85	0	68.64	-33.33	44.07
614	55	10	85	0	65.05	-27.13	40.86
615	55	20	85	0	61.50	-20.96	37.61
616	55	30	85	0	57.81	-14.37	34.14
617	55	40	85	0	54.04	-7.36	30.55
618	55	55	85	0	48.43	3.45	25.29
619	55	70	85	0	42.78	15.32	20.20
620	55	85	85	0	37.77	26.39	15.98
621	55	100	85	0	34.29	34.29	13.16
622	70	0	85	0	62.37	-43.88	33.92
623	70	10	85	0	59.27	-37.48	31.37
624	70	20	85	0	56.16	-31.19	28.68
625	70	30	85	0	52.85	-24.50	25.70
626	70	40	85	0	49.40	-17.52	22.54
627	70	55	85	0	44.19	-6.82	17.78
628	70	70	85	0	38.82	4.82	13.03
629	70	85	85	0	33.96	15.61	8.96
630	70	100	85	0	30.55	23.36	6.22
631	85	0	85	0	56.13	-55.03	24.02
632	85	10	85	0	53.44	-48.64	21.92
633	85	20	85	0	50.71	-42.38	19.66
634	85	30	85	0	47.78	-35.73	17.14
635	85	40	85	0	44.69	-28.78	14.43
636	85	55	85	0	39.93	-18.17	10.27
637	85	70	85	0	34.82	-6.79	5.91
638	85	85	85	0	30.07	3.76	2.07
639	85	100	85	0	26.71	11.12	-0.56
640	100	0	85	0	51.29	-63.91	16.46
641	100	10	85	0	48.90	-57.59	14.58
642	100	20	85	0	46.47	-51.36	12.62
643	100	30	85	0	43.85	-44.75	10.48
644	100	40	85	0	41.04	-37.82	8.16
645	100	55	85	0	36.64	-27.31	4.52
646	100	70	85	0	31.72	-16.03	0.45
647	100	85	85	0	27.01	-5.79	-3.18
648	100	100	85	0	23.59	1.50	-5.75
649	0	0	100	0	89.00	-4.00	93.00
650	0	10	100	0	84.44	2.78	87.22
651	0	20	100	0	80.18	9.35	82.04
652	0	30	100	0	75.78	16.27	76.82
653	0	40	100	0	71.36	23.52	71.84
654	0	55	100	0	64.67	34.81	64.48
655	0	70	100	0	57.98	46.89	57.54
656	0	85	100	0	51.67	58.94	51.76
657	0	100	100	0	47.00	68.00	48.00
658	10	0	100	0	85.21	-8.91	86.14
659	10	10	100	0	80.86	-2.50	80.79
660	10	20	100	0	76.64	4.01	75.71
661	10	30	100	0	72.30	10.89	70.61
662	10	40	100	0	67.94	18.09	65.68
663	10	55	100	0	61.41	29.30	58.47
664	10	70	100	0	54.91	41.39	51.73
665	10	85	100	0	48.96	53.17	46.04
666	10	100	100	0	44.72	61.80	42.29
667	20	0	100	0	81.53	-13.75	79.52
668	20	10	100	0	77.25	-7.58	74.32
669	20	20	100	0	73.06	-1.40	69.28
670	20	30	100	0	68.82	5.40	64.33
671	20	40	100	0	64.54	12.57	59.54
672	20	55	100	0	58.20	23.68	52.53
673	20	70	100	0	51.91	35.77	45.92
674	20	85	100	0	46.29	47.35	40.36
675	20	100	100	0	42.36	55.68	36.63
676	30	0	100	0	77.78	-19.02	72.83
677	30	10	100	0	73.65	-12.95	67.88
678	30	20	100	0	69.61	-6.85	63.11
679	30	30	100	0	65.44	-0.26	58.26
680	30	40	100	0	61.27	6.88	53.60
681	30	55	100	0	55.14	17.87	46.84
682	30	70	100	0	49.07	29.95	40.39
683	30	85	100	0	43.69	41.37	34.97
684	30	100	100	0	39.99	49.48	31.33
685	40	0	100	0	73.93	-24.83	66.08
686	40	10	100	0	70.01	-18.64	61.54
687	40	20	100	0	66.17	-12.51	57.06
688	40	30	100	0	62.21	-5.94	52.51
689	40	40	100	0	58.20	1.09	48.00
690	40	55	100	0	52.28	12.00	41.50
691	40	70	100	0	46.40	24.01	35.23
692	40	85	100	0	41.22	35.28	29.95
693	40	100	100	0	37.65	43.25	26.39
694	55	0	100	0	68.03	-34.15	55.75
695	55	10	100	0	64.47	-27.86	51.77
696	55	20	100	0	60.98	-21.70	47.85
697	55	30	100	0	57.35	-15.09	43.78
698	55	40	100	0	53.63	-8.09	39.67
699	55	55	100	0	48.07	2.73	33.70
700	55	70	100	0	42.48	14.58	27.68
701	55	85	100	0	37.52	25.64	22.59
702	55	100	100	0	34.04	33.54	19.24
703	70	0	100	0	61.66	-45.12	44.87
704	70	10	100	0	58.62	-38.64	41.61
705	70	20	100	0	55.60	-32.33	38.32
706	70	30	100	0	52.38	-25.64	34.84
707	70	40	100	0	49.01	-18.60	31.24
708	70	55	100	0	43.86	-7.86	25.87
709	70	70	100	0	38.53	3.80	20.25
710	70	85	100	0	33.67	14.64	15.40
711	70	100	100	0	30.23	22.39	12.16
712	85	0	100	0	55.24	-56.83	34.14
713	85	10	100	0	52.71	-50.30	31.45
714	85	20	100	0	50.14	-43.99	28.70
715	85	30	100	0	47.33	-37.29	25.75
716	85	40	100	0	44.33	-30.29	22.65
717	85	55	100	0	39.66	-19.64	17.99
718	85	70	100	0	34.54	-8.14	12.86
719	85	85	100	0	29.71	2.41	8.30
720	85	100	100	0	26.21	9.88	5.20
721	100	0	100	0	50.00	-66.00	26.00
722	100	10	100	0	48.01	-59.66	23.64
723	100	20	100	0	45.87	-53.35	21.26
724	100	30	100	0	43.41	-46.68	18.72
725	100	40	100	0	40.71	-39.67	16.04
726	100	55	100	0	36.39	-29.01	11.97
727	100	70	100	0	31.40	-17.63	7.18
728	100	85	100	0	26.57	-7.40	3.00
729	100	100	100	0	23.00	0.00	0.00
730	0	0	0	20	81.17	0.76	-3.50
731	0	10	0	20	76.78	6.51	-4.41
732	0	20	0	20	72.72	12.00	-5.07
733	0	40	0	20	64.20	24.02	-6.22
734	0	70	0	20	51.39	44.80	-5.97
735	0	100	0	20	41.30	63.56	-3.99
736	10	0	0	20	77.74	-2.20	-7.70
737	10	10	0	20	73.60	3.39	-8.42
738	10	20	0	20	69.71	8.86	-8.98
739	10	40	0	20	61.47	20.36	-10.12
740	10	70	0	20	49.18	40.67	-9.66
741	10	100	0	20	39.46	58.97	-7.73
742	20	0	0	20	74.39	-5.09	-11.66
743	20	10	0	20	70.46	0.27	-12.33
744	20	20	0	20	66.69	5.60	-12.86
745	20	40	0	20	58.78	16.90	-13.82
746	20	70	0	20	46.96	36.47	-13.35
747	20	100	0	20	37.55	54.19	-11.57
748	40	0	0	20	67.61	-11.29	-19.89
749	40	10	0	20	63.97	-6.01	-20.30
750	40	20	0	20	60.48	-0.94	-20.71
751	40	40	0	20	53.41	9.71	-21.06
752	40	70	0	20	42.49	28.02	-20.52
753	40	100	0	20	33.66	44.64	-19.03
754	70	0	0	20	57.23	-22.05	-32.11
755	70	10	0	20	54.16	-17.11	-32.10
756	70	20	0	20	51.17	-12.25	-32.11
757	70	40	0	20	45.10	-2.25	-31.81
758	70	70	0	20	35.71	14.57	-30.89
759	70	100	0	20	27.96	29.75	-29.70
760	100	0	0	20	48.21	-32.49	-42.50
761	100	10	0	20	45.67	-27.89	-42.05
762	100	20	0	20	43.13	-23.30	-41.61
763	100	40	0	20	37.83	-13.60	-40.81
764	100	70	0	20	29.78	2.11	-39.49
765	100	100	0	20	23.07	16.18	-38.55
766	0	0	10	20	80.48	-0.19	3.88
767	0	10	10	20	76.24	5.64	2.55
768	0	20	10	20	72.23	11.24	1.47
769	0	40	10	20	63.93	23.19	-0.05
770	0	70	10	20	51.34	44.02	-0.87
771	0	100	10	20	41.46	62.73	0.23
772	10	0	10	20	77.12	-3.41	-0.36
773	10	10	10	20	72.93	1.73	-1.55
774	10	20	10	20	68.90	7.45	-2.52
775	10	40	10	20	60.74	19.43	-4.09
776	10	70	10	20	48.73	39.89	-4.68
777	10	100	10	20	39.44	57.78	-3.61
778	20	0	10	20	73.82	-6.53	-4.53
779	20	10	10	20	69.66	-1.67	-5.76
780	20	20	10	20	65.78	3.87	-6.66
781	20	40	10	20	57.97	15.67	-8.05
782	20	70	10	20	46.42	35.52	-8.49
783	20	100	10	20	37.47	52.91	-7.49
784	40	0	10	20	67.14	-13.11	-12.68
785	40	10	10	20	63.46	-8.09	-13.51
786	40	20	10	20	59.92	-2.81	-14.23
787	40	40	10	20	52.69	8.32	-15.30
788	40	70	10	20	41.98	26.97	-15.71
789	40	100	10	20	33.58	43.31	-14.92
790	70	0	10	20	56.83	-24.66	-25.27
791	70	10	10	20	53.92	-19.53	-25.30
792	70	20	10	20	50.89	-14.49	-25.62
793	70	40	10	20	44.75	-4.09	-26.10
794	70	70	10	20	35.34	13.27	-26.10
795	70	100	10	20	27.90	28.17	-25.57
796	100	0	10	20	47.84	-35.83	-36.02
797	100	10	10	20	45.34	-31.07	-35.84
798	100	20	10	20	42.79	-26.25	-35.72
799	100	40	10	20	37.52	-16.23	-35.39
800	100	70	10	20	29.46	0.08	-34.92
801	100	100	10	20	22.96	14.07	-34.61
802	0	0	20	20	79.82	-0.97	11.04
803	0	10	20	20	75.71	4.75	9.60
804	0	20	20	20	71.74	10.34	8.22
805	0	40	20	20	63.57	22.49	6.09
806	0	70	20	20	51.27	43.15	4.39
807	0	100	20	20	41.57	61.71	4.66
808	10	0	20	20	76.57	-4.32	6.81
809	10	10	20	20	72.41	0.71	5.54
810	10	20	20	20	68.47	6.37	4.18
811	10	40	20	20	60.40	18.53	2.00
812	10	70	20	20	48.58	38.90	0.41
813	10	100	20	20	39.48	56.73	0.69
814	20	0	20	20	73.30	-7.63	2.53
815	20	10	20	20	69.16	-2.86	1.19
816	20	20	20	20	65.35	2.70	-0.09
817	20	40	20	20	57.43	14.57	-2.14
818	20	70	20	20	45.99	34.54	-3.62
819	20	100	20	20	37.39	51.64	-3.39
820	40	0	20	20	66.69	-14.73	-5.84
821	40	10	20	20	63.03	-9.70	-6.77
822	40	20	20	20	59.47	-4.45	-7.82
823	40	40	20	20	52.15	7.01	-9.69
824	40	70	20	20	41.55	25.85	-11.00
825	40	100	20	20	33.47	41.96	-10.89
826	70	0	20	20	56.48	-26.96	-18.59
827	70	10	20	20	53.55	-21.77	-18.86
828	70	20	20	20	50.59	-16.63	-19.29
829	70	40	20	20	44.38	-5.88	-20.51
830	70	70	20	20	35.01	11.87	-21.43
831	70	100	20	20	27.81	26.64	-21.54
832	100	0	20	20	47.53	-38.93	-29.46
833	100	10	20	20	45.01	-34.05	-29.55
834	100	20	20	20	42.49	-29.16	-29.75
835	100	40	20	20	37.18	-18.71	-30.07
836	100	70	20	20	29.16	-1.95	-30.43
837	100	100	20	20	22.92	11.92	-30.52
838	0	0	40	20	78.61	-2.46	26.46
839	0	10	40	20	74.52	3.46	24.22
840	0	20	40	20	70.73	9.19	22.40
841	0	40	40	20	62.91	21.16	18.76
842	0	70	40	20	51.06	41.71	15.00
843	0	100	40	20	41.66	60.22	13.63
844	10	0	40	20	75.34	-6.25	21.78
845	10	10	40	20	71.29	-0.88	19.71
846	10	20	40	20	67.47	4.87	17.82
847	10	40	40	20	59.68	16.91	14.18
848	10	70	40	20	48.28	37.25	10.57
849	10	100	40	20	39.48	54.97	9.29
850	20	0	40	20	72.20	-9.98	17.41
851	20	10	40	20	68.14	-4.82	15.21
852	20	20	40	20	64.31	0.70	13.29
853	20	40	40	20	56.71	12.64	9.73
854	20	70	40	20	45.61	32.65	6.20
855	20	100	40	20	37.29	49.75	5.01
856	40	0	40	20	65.72	-17.73	8.56
857	40	10	40	20	62.10	-12.55	6.83
858	40	20	40	20	58.59	-7.26	5.21
859	40	40	40	20	51.57	4.28	1.74
860	40	70	40	20	40.97	23.60	-1.57
861	40	100	40	20	33.21	39.61	-2.84
862	70	0	40	20	55.66	-31.35	-4.82
863	70	10	40	20	52.77	-25.91	-5.93
864	70	20	40	20	49.83	-20.58	-7.10
865	70	40	40	20	43.64	-9.36	-9.73
866	70	70	40	20	34.47	8.94	-12.30
867	70	100	40	20	27.55	23.84	-13.55
868	100	0	40	20	46.73	-44.89	-16.27
869	100	10	40	20	44.25	-39.59	-17.08
870	100	20	40	20	41.77	-34.39	-17.88
871	100	40	40	20	36.53	-23.29	-19.42
872	100	70	40	20	28.63	-5.85	-21.47
873	100	100	40	20	22.51	8.11	-22.71
874	0	0	70	20	77.00	-3.91	52.42
875	0	10	70	20	73.13	1.98	49.05
876	0	20	70	20	69.41	7.82	45.94
877	0	40	70	20	61.82	19.89	39.82
878	0	70	70	20	50.42	40.04	31.99
879	0	100	70	20	41.35	58.07	27.09
880	10	0	70	20	73.87	-8.04	47.37
881	10	10	70	20	69.94	-2.55	44.19
882	10	20	70	20	66.23	3.23	41.05
883	10	40	70	20	58.75	15.23	35.01
884	10	70	70	20	47.61	35.33	27.32
885	10	100	70	20	39.14	52.75	22.70
886	20	0	70	20	70.72	-12.23	42.32
887	20	10	70	20	66.83	-6.84	39.14
888	20	20	70	20	63.07	-1.38	36.09
889	20	40	70	20	55.73	10.57	30.14
890	20	70	70	20	44.90	30.48	22.64
891	20	100	70	20	36.92	47.39	18.28
892	40	0	70	20	64.33	-21.01	32.25
893	40	10	70	20	60.81	-15.56	29.54
894	40	20	70	20	57.35	-10.14	26.80
895	40	40	70	20	50.35	1.53	21.28
896	40	70	70	20	40.20	20.88	14.25
897	40	100	70	20	32.77	36.87	10.10
898	70	0	70	20	54.41	-36.43	17.06
899	70	10	70	20	51.57	-30.78	15.20
900	70	20	70	20	48.70	-25.21	13.16
901	70	40	70	20	42.66	-13.50	8.71
902	70	70	70	20	33.75	5.43	2.93
903	70	100	70	20	27.00	20.25	-1.06
904	100	0	70	20	45.51	-51.97	3.91
905	100	10	70	20	43.13	-46.40	2.46
906	100	20	70	20	40.76	-40.94	0.94
907	100	40	70	20	35.71	-29.27	-2.31
908	100	70	70	20	27.95	-11.15	-7.10
909	100	100	70	20	21.79	3.17	-10.50
910	0	0	100	20	75.81	-4.38	78.06
911	0	10	100	20	72.06	1.38	73.54
912	0	20	100	20	68.33	7.16	69.09
913	0	40	100	20	60.79	19.39	60.44
914	0	70	100	20	49.56	39.05	48.25
915	0	100	100	20	40.61	56.54	39.47
916	10	0	100	20	72.75	-8.64	72.46
917	10	10	100	20	69.00	-3.20	67.95
918	10	20	100	20	65.32	2.53	63.61
919	10	40	100	20	57.86	14.55	55.01
920	10	70	100	20	46.91	34.27	43.18
921	10	100	100	20	38.51	51.41	35.00
922	20	0	100	20	69.56	-13.02	66.66
923	20	10	100	20	65.87	-7.67	62.25
924	20	20	100	20	62.24	-2.25	57.91
925	20	40	100	20	54.93	9.74	49.59
926	20	70	100	20	44.30	29.35	38.14
927	20	100	100	20	36.34	45.93	30.18
928	40	0	100	20	63.12	-22.54	55.19
929	40	10	100	20	59.73	-17.00	51.27
930	40	20	100	20	56.39	-11.62	47.39
931	40	40	100	20	49.46	0.07	39.57
932	40	70	100	20	39.53	19.31	28.94
933	40	100	100	20	32.22	35.36	21.66
934	70	0	100	20	53.21	-39.17	37.72
935	70	10	100	20	50.47	-33.49	34.78
936	70	20	100	20	47.71	-27.91	31.80
937	70	40	100	20	41.86	-16.02	25.57
938	70	70	100	20	33.06	2.73	16.50
939	70	100	100	20	26.38	18.06	10.14
940	100	0	100	20	44.35	-56.20	22.36
941	100	10	100	20	42.14	-50.71	20.18
942	100	20	100	20	39.94	-44.96	17.90
943	100	40	100	20	35.06	-33.18	13.16
944	100	70	100	20	27.31	-14.69	5.86
945	100	100	100	20	20.87	-0.15	0.27
946	0	0	0	40	67.40	0.55	-2.90
947	0	20	0	40	60.36	10.09	-4.13
948	0	40	0	40	53.44	19.90	-4.93
949	0	70	0	40	42.93	36.91	-4.88
950	0	100	0	40	34.73	52.41	-3.59
951	20	0	0	40	61.80	-4.52	-9.83
952	20	20	0	40	55.43	4.57	-10.66
953	20	40	0	40	48.96	14.00	-11.32
954	20	70	0	40	39.35	30.29	-10.95
955	20	100	0	40	31.68	44.79	-9.75
956	40	0	0	40	56.17	-9.76	-16.48
957	40	20	0	40	50.30	-0.87	-17.11
958	40	40	0	40	44.56	8.08	-17.39
959	40	70	0	40	35.66	23.24	-16.92
960	40	100	0	40	28.54	36.98	-15.54
961	70	0	0	40	47.62	-18.80	-26.63
962	70	20	0	40	42.61	-10.31	-26.68
963	70	40	0	40	37.72	-1.79	-26.49
964	70	70	0	40	30.14	12.14	-25.61
965	70	100	0	40	24.02	24.60	-24.30
966	100	0	0	40	40.47	-27.78	-35.21
967	100	20	0	40	36.25	-19.71	-34.61
968	100	40	0	40	31.88	-11.32	-33.98
969	100	70	0	40	25.47	1.82	-32.62
970	100	100	0	40	20.33	13.31	-31.27
971	0	0	20	40	66.31	-1.16	9.22
972	0	20	20	40	59.58	8.15	6.67
973	0	40	20	40	52.88	18.27	5.13
974	0	70	20	40	42.77	35.28	3.65
975	0	100	20	40	34.92	50.69	3.68
976	20	0	20	40	60.89	-6.82	1.99
977	20	20	20	40	54.15	1.95	-0.20
978	20	40	20	40	47.69	11.79	-1.77
979	20	70	20	40	38.41	28.33	-2.88
980	20	100	20	40	31.48	42.27	-2.81
981	40	0	20	40	55.41	-12.58	-4.92
982	40	20	20	40	49.30	-3.88	-6.57
983	40	40	20	40	43.41	5.56	-7.96
984	40	70	20	40	34.78	21.17	-8.99
985	40	100	20	40	28.31	34.38	-8.70
986	70	0	20	40	47.01	-22.77	-15.51
987	70	20	20	40	42.10	-13.93	-16.08
988	70	40	20	40	37.04	-4.82	-17.02
989	70	70	20	40	29.49	9.79	-17.58
990	70	100	20	40	23.82	21.81	-17.32
991	100	0	20	40	39.90	-33.00	-24.49
992	100	20	20	40	35.68	-24.41	-24.68
993	100	40	20	40	31.30	-15.37	-24.89
994	100	70	20	40	24.92	-1.49	-24.76
995	100	100	20	40	20.06	9.81	-24.46
996	0	0	40	40	65.18	-2.54	21.64
997	0	20	40	40	58.66	7.09	18.26
998	0	40	40	40	52.30	16.92	15.33
999	0	70	40	40	42.56	33.89	12.27
1000	0	100	40	40	34.82	49.20	11.03
1001	20	0	40	40	59.92	-8.75	14.09
1002	20	20	40	40	53.30	0.12	10.74
1003	20	40	40	40	47.11	10.04	7.95
1004	20	70	40	40	38.06	26.49	5.14
1005	20	100	40	40	31.31	40.48	4.21
1006	40	0	40	40	54.64	-15.11	6.76
1007	40	20	40	40	48.62	-6.32	3.98
1008	40	40	40	40	42.84	3.18	1.27
1009	40	70	40	40	34.31	19.09	-1.22
1010	40	100	40	40	28.10	32.13	-2.05
1011	70	0	40	40	46.46	-26.27	-4.27
1012	70	20	40	40	41.55	-17.27	-6.16
1013	70	40	40	40	36.50	-7.84	-7.98
1014	70	70	40	40	29.21	7.01	-9.89
1015	70	100	40	40	23.59	19.34	-10.76
1016	100	0	40	40	39.26	-37.34	-13.75
1017	100	20	40	40	35.06	-28.37	-14.93
1018	100	40	40	40	30.83	-19.02	-16.09
1019	100	70	40	40	24.49	-4.48	-17.41
1020	100	100	40	40	19.74	6.86	-17.99
1021	0	0	70	40	63.77	-4.02	42.57
1022	0	20	70	40	57.56	5.65	37.39
1023	0	40	70	40	51.44	15.64	32.63
1024	0	70	70	40	42.09	32.22	26.11
1025	0	100	70	40	34.66	47.17	21.98
1026	20	0	70	40	58.58	-11.00	34.16
1027	20	20	70	40	52.31	-1.91	29.27
1028	20	40	70	40	46.35	8.03	24.57
1029	20	70	70	40	37.45	24.23	18.39
1030	20	100	70	40	30.97	38.06	14.87
1031	40	0	70	40	53.56	-18.27	26.13
1032	40	20	70	40	47.67	-9.09	21.66
1033	40	40	70	40	41.99	0.61	17.32
1034	40	70	70	40	33.69	16.44	11.66
1035	40	100	70	40	27.74	29.45	8.52
1036	70	0	70	40	45.56	-30.75	13.72
1037	70	20	70	40	40.65	-21.17	10.48
1038	70	40	70	40	35.73	-11.43	6.88
1039	70	70	70	40	28.48	3.98	2.34
1040	70	100	70	40	23.10	16.00	-0.61
1041	100	0	70	40	38.49	-43.30	3.14
1042	100	20	70	40	34.35	-33.71	0.65
1043	100	40	70	40	30.20	-24.04	-1.92
1044	100	70	70	40	23.97	-9.08	-5.70
1045	100	100	70	40	19.19	2.62	-8.02
1046	0	0	100	40	62.87	-4.63	63.27
1047	0	20	100	40	56.78	4.88	56.16
1048	0	40	100	40	50.64	15.02	49.41
1049	0	70	100	40	41.43	31.24	39.23
1050	0	100	100	40	34.12	45.71	31.75
1051	20	0	100	40	57.80	-11.85	53.93
1052	20	20	100	40	51.67	-2.89	46.74
1053	20	40	100	40	45.73	7.07	40.27
1054	20	70	100	40	37.07	23.29	30.93
1055	20	100	100	40	30.51	36.80	24.30
1056	40	0	100	40	52.64	-19.78	44.88
1057	40	20	100	40	46.93	-10.51	38.30
1058	40	40	100	40	41.32	-0.84	32.03
1059	40	70	100	40	33.14	14.93	23.35
1060	40	100	100	40	27.24	27.91	17.63
1061	70	0	100	40	44.75	-33.19	30.74
1062	70	20	100	40	39.94	-23.52	25.61
1063	70	40	100	40	35.10	-13.74	20.50
1064	70	70	100	40	27.86	1.65	13.07
1065	70	100	100	40	22.58	13.96	8.30
1066	100	0	100	40	37.90	-46.57	18.61
1067	100	20	100	40	33.87	-37.08	14.66
1068	100	40	100	40	29.68	-27.18	10.63
1069	100	70	100	40	23.42	-12.02	4.71
1070	100	100	100	40	18.59	-0.16	0.48
1071	0	0	0	60	52.81	0.41	-2.21
1072	0	20	0	60	47.44	7.67	-3.09
1073	0	40	0	60	42.21	15.76	-3.46
1074	0	70	0	60	34.15	29.00	-3.55
1075	0	100	0	60	27.70	41.31	-2.47
1076	20	0	0	60	48.50	-3.61	-7.74
1077	20	20	0	60	43.64	3.59	-8.31
1078	20	40	0	60	38.79	11.15	-8.68
1079	20	70	0	60	31.33	23.85	-8.45
1080	20	100	0	60	25.41	35.38	-7.21
1081	40	0	0	60	44.26	-7.93	-12.98
1082	40	20	0	60	39.75	-0.79	-13.41
1083	40	40	0	60	35.38	6.48	-13.53
1084	40	70	0	60	28.59	18.60	-13.04
1085	40	100	0	60	23.17	29.32	-11.70
1086	70	0	0	60	37.73	-15.27	-21.09
1087	70	20	0	60	33.85	-8.27	-21.13
1088	70	40	0	60	30.14	-1.33	-20.84
1089	70	70	0	60	24.38	9.85	-19.93
1090	70	100	0	60	19.82	19.56	-18.55
1091	100	0	0	60	32.07	-22.41	-28.05
1092	100	20	0	60	28.84	-15.73	-27.45
1093	100	40	0	60	25.63	-8.92	-26.77
1094	100	70	0	60	20.91	1.64	-25.33
1095	100	100	0	60	17.19	10.82	-23.85
1096	0	0	20	60	51.97	-1.25	7.09
1097	0	20	20	60	46.88	6.10	5.29
1098	0	40	20	60	41.84	14.16	4.23
1099	0	70	20	60	34.02	27.51	3.04
1100	0	100	20	60	27.86	39.67	3.20
1101	20	0	20	60	47.82	-5.67	1.44
1102	20	20	20	60	42.55	1.29	-0.18
1103	20	40	20	60	37.70	9.12	-1.23
1104	20	70	20	60	30.57	22.07	-2.06
1105	20	100	20	60	25.26	33.01	-1.75
1106	40	0	20	60	43.73	-10.42	-3.94
1107	40	20	20	60	38.87	-3.30	-5.16
1108	40	40	20	60	34.42	4.27	-6.13
1109	40	70	20	60	27.86	16.60	-6.75
1110	40	100	20	60	22.97	26.93	-6.25
1111	70	0	20	60	37.29	-18.46	-12.37
1112	70	20	20	60	33.37	-11.10	-12.74
1113	70	40	20	60	29.57	-3.85	-13.31
1114	70	70	20	60	23.84	7.82	-13.51
1115	70	100	20	60	19.66	17.20	-12.95
1116	100	0	20	60	31.66	-26.50	-19.53
1117	100	20	20	60	28.39	-19.35	-19.53
1118	100	40	20	60	25.19	-12.07	-19.50
1119	100	70	20	60	20.45	-0.88	-19.09
1120	100	100	20	60	16.96	7.95	-18.27
1121	0	0	40	60	51.24	-2.47	16.84
1122	0	20	40	60	46.25	5.05	14.22
1123	0	40	40	60	41.41	12.86	12.10
1124	0	70	40	60	33.86	26.19	9.71
1125	0	100	40	60	27.84	38.18	8.74
1126	20	0	40	60	47.23	-7.39	10.84
1127	20	20	40	60	41.99	-0.32	8.29
1128	20	40	40	60	37.27	7.50	6.24
1129	20	70	40	60	30.33	20.46	4.14
1130	20	100	40	60	25.18	31.32	3.56
1131	40	0	40	60	43.22	-12.49	5.18
1132	40	20	40	60	38.43	-5.34	3.00
1133	40	40	40	60	33.96	2.21	0.98
1134	40	70	40	60	27.48	14.77	-0.77
1135	40	100	40	60	22.80	24.88	-1.13
1136	70	0	40	60	36.94	-21.16	-3.59
1137	70	20	40	60	32.99	-13.79	-4.99
1138	70	40	40	60	29.16	-6.30	-6.29
1139	70	70	40	60	23.67	5.39	-7.48
1140	70	100	40	60	19.48	15.13	-7.89
1141	100	0	40	60	31.37	-29.74	-11.06
1142	100	20	40	60	28.07	-22.34	-11.86
1143	100	40	40	60	24.85	-14.82	-12.66
1144	100	70	40	60	20.14	-3.29	-13.30
1145	100	100	40	60	16.71	5.57	-13.29
1146	0	0	70	60	50.19	-4.05	32.67
1147	0	20	70	60	45.40	3.63	28.77
1148	0	40	70	60	40.79	11.46	25.32
1149	0	70	70	60	33.53	24.49	20.25
1150	0	100	70	60	27.80	36.18	16.94
1151	20	0	70	60	46.31	-9.53	26.27
1152	20	20	70	60	41.28	-2.27	22.41
1153	20	40	70	60	36.76	5.57	18.98
1154	20	70	70	60	29.93	18.31	14.27
1155	20	100	70	60	25.01	29.02	11.70
1156	40	0	70	60	42.47	-15.22	20.09
1157	40	20	70	60	37.80	-7.86	16.61
1158	40	40	70	60	33.45	-0.14	13.34
1159	40	70	70	60	27.06	12.33	9.09
1160	40	100	70	60	22.60	22.36	6.92
1161	70	0	70	60	36.39	-24.80	10.48
1162	70	20	70	60	32.45	-17.05	7.90
1163	70	40	70	60	28.64	-9.28	5.18
1164	70	70	70	60	23.09	2.75	1.80
1165	70	100	70	60	19.14	12.15	-0.13
1166	100	0	70	60	31.05	-34.39	2.31
1167	100	20	70	60	27.71	-26.56	0.38
1168	100	40	70	60	24.51	-18.87	-1.52
1169	100	70	70	60	19.78	-6.95	-4.26
1170	100	100	70	60	16.37	2.19	-5.71
1171	0	0	100	60	49.44	-4.70	48.48
1172	0	20	100	60	44.75	2.76	43.09
1173	0	40	100	60	40.13	10.70	37.98
1174	0	70	100	60	33.06	23.39	29.99
1175	0	100	100	60	27.49	34.66	24.24
1176	20	0	100	60	45.55	-10.43	41.25
1177	20	20	100	60	40.78	-3.32	35.71
1178	20	40	100	60	36.30	4.51	30.80
1179	20	70	100	60	29.61	17.11	23.49
1180	20	100	100	60	24.66	27.61	18.52
1181	40	0	100	60	41.75	-16.62	34.35
1182	40	20	100	60	37.27	-9.20	29.25
1183	40	40	100	60	32.96	-1.52	24.50
1184	40	70	100	60	26.69	10.88	17.81
1185	40	100	100	60	22.21	20.80	13.57
1186	70	0	100	60	35.90	-26.85	23.63
1187	70	20	100	60	32.01	-19.02	19.52
1188	70	40	100	60	28.26	-11.29	15.57
1189	70	70	100	60	22.69	0.79	9.89
1190	70	100	100	60	18.71	10.28	6.54
1191	100	0	100	60	30.93	-36.82	14.62
1192	100	20	100	60	27.48	-29.04	11.33
1193	100	40	100	60	24.21	-21.32	8.16
1194	100	70	100	60	19.45	-9.39	3.60
1195	100	100	100	60	16.02	0.00	0.58
1196	0	0	0	80	35.68	0.18	-1.23
1197	0	40	0	80	28.86	10.34	-1.77
1198	0	70	0	80	23.84	19.94	-1.57
1199	0	100	0	80	19.30	28.12	-0.32
1200	40	0	0	80	30.06	-5.36	-8.82
1201	40	40	0	80	24.63	4.54	-8.71
1202	40	70	0	80	20.56	13.65	-7.91
1203	40	100	0	80	16.65	21.02	-6.30
1204	70	0	0	80	25.85	-10.89	-15.21
1205	70	40	0	80	21.49	-1.32	-14.19
1206	70	70	0	80	17.58	7.13	-13.04
1207	70	100	0	80	14.48	14.33	-11.55
1208	100	0	0	80	21.74	-15.31	-19.73
1209	100	40	0	80	18.12	-6.07	-17.97
1210	100	70	0	80	15.27	1.66	-16.74
1211	100	100	0	80	12.86	8.39	-14.50
1212	0	0	40	80	34.49	-2.33	10.51
1213	0	40	40	80	28.52	7.81	8.16
1214	0	70	40	80	23.86	17.34	6.56
1215	0	100	40	80	19.54	25.34	6.31
1216	40	0	40	80	29.56	-9.00	3.23
1217	40	40	40	80	23.90	1.54	0.96
1218	40	70	40	80	20.06	10.47	-0.18
1219	40	100	40	80	16.79	17.43	0.19
1220	70	0	40	80	25.65	-15.29	-3.43
1221	70	40	40	80	20.94	-5.32	-4.50
1222	70	70	40	80	17.44	3.88	-5.11
1223	70	100	40	80	14.65	10.80	-5.05
1224	100	0	40	80	21.57	-20.61	-8.32
1225	100	40	40	80	17.93	-10.58	-8.70
1226	100	70	40	80	15.11	-2.14	-9.22
1227	100	100	40	80	12.77	4.64	-8.33
1228	0	0	70	80	34.44	-3.82	21.48
1229	0	40	70	80	28.72	6.28	17.06
1230	0	70	70	80	23.73	15.67	13.71
1231	0	100	70	80	19.83	23.89	11.63
1232	40	0	70	80	29.71	-11.07	13.63
1233	40	40	70	80	24.20	-0.81	9.29
1234	40	70	70	80	19.98	8.30	6.73
1235	40	100	70	80	17.02	15.58	5.51
1236	70	0	70	80	25.36	-18.06	6.59
1237	70	40	70	80	20.97	-7.38	3.64
1238	70	70	70	80	17.09	1.76	1.57
1239	70	100	70	80	14.53	8.34	0.20
1240	100	0	70	80	21.84	-24.34	1.10
1241	100	40	70	80	18.20	-13.98	-1.05
1242	100	70	70	80	15.14	-5.20	-2.93
1243	100	100	70	80	12.63	2.37	-3.89
1244	0	0	100	80	33.41	-4.52	30.96
1245	0	40	100	80	27.79	5.30	24.68
1246	0	70	100	80	23.44	14.43	19.89
1247	0	100	100	80	19.54	21.84	15.87
1248	40	0	100	80	28.73	-12.00	22.34
1249	40	40	100	80	23.67	-2.11	16.57
1250	40	70	100	80	19.88	6.99	12.61
1251	40	100	100	80	16.63	13.79	9.47
1252	70	0	100	80	25.08	-19.51	15.39
1253	70	40	100	80	20.84	-9.18	10.74
1254	70	70	100	80	17.05	-0.28	6.77
1255	70	100	100	80	14.26	6.80	4.43
1256	100	0	100	80	21.55	-25.50	9.39
1257	100	40	100	80	17.90	-15.37	5.63
1258	100	70	100	80	15.04	-7.27	3.11
1259	100	100	100	80	12.77	-0.02	0.50
1260	0	0	0	100	16.00	0.00	0.00
1261	0	40	0	100	13.85	5.53	0.62
1262	0	100	0	100	10.35	14.10	2.20
1263	40	0	0	100	14.10	-3.03	-4.28
1264	40	40	0	100	12.38	2.63	-3.20
1265	40	100	0	100	9.43	11.11	-0.67
1266	100	0	0	100	10.64	-7.57	-10.68
1267	100	40	0	100	9.60	-2.20	-8.36
1268	100	100	0	100	7.91	6.23	-4.82
1269	0	0	40	100	16.23	-1.89	4.96
1270	0	40	40	100	14.04	3.30	4.26
1271	0	100	40	100	10.65	11.68	4.35
1272	40	0	40	100	14.30	-5.36	1.16
1273	40	40	40	100	12.56	0.25	0.61
1274	40	100	40	100	9.81	8.63	1.73
1275	100	0	40	100	10.95	-10.39	-4.69
1276	100	40	40	100	9.93	-5.12	-3.93
1277	100	100	40	100	8.38	3.50	-2.02
1278	0	0	100	100	16.19	-4.31	11.95
1279	0	40	100	100	14.08	0.59	9.89
1280	0	100	100	100	11.10	8.20	7.28
1281	40	0	100	100	14.27	-7.80	8.62
1282	40	40	100	100	12.77	-2.55	7.00
1283	40	100	100	100	10.26	5.14	4.43
1284	100	0	100	100	11.32	-13.43	3.66
1285	100	40	100	100	10.43	-8.03	2.30
1286	100	100	100	100	9.05	0.20	0.39
1287	100	0	0	0	56.00	-37.00	-50.00
1288	98	0	0	0	56.42	-36.56	-49.48
1289	95	0	0	0	57.19	-35.70	-48.59
1290	90	0	0	0	58.91	-33.77	-46.62
1291	85	0	0	0	60.64	-31.84	-44.65
1292	80	0	0	0	62.65	-29.61	-42.36
1293	75	0	0	0	64.69	-27.39	-40.02
1294	70	0	0	0	66.79	-25.16	-37.63
1295	60	0	0	0	71.02	-20.77	-32.75
1296	50	0	0	0	75.14	-16.63	-27.88
1297	40	0	0	0	79.15	-12.76	-23.17
1298	30	0	0	0	83.14	-9.14	-18.38
1299	25	0	0	0	85.11	-7.40	-16.00
1300	20	0	0	0	87.09	-5.66	-13.59
1301	15	0	0	0	88.99	-4.03	-11.27
1302	10	0	0	0	90.99	-2.33	-8.84
1303	7	0	0	0	92.18	-1.33	-7.39
1304	5	0	0	0	92.97	-0.68	-6.43
1305	3	0	0	0	93.78	-0.02	-5.45
1306	2	0	0	0	94.18	0.31	-4.95
1307	0	100	0	0	48.00	75.00	-4.00
1308	0	98	0	0	48.46	74.11	-4.16
1309	0	95	0	0	49.27	72.54	-4.39
1310	0	90	0	0	51.04	69.19	-4.87
1311	0	85	0	0	52.96	65.55	-5.37
1312	0	80	0	0	55.23	61.34	-5.89
1313	0	75	0	0	57.52	57.16	-6.36
1314	0	70	0	0	59.97	52.78	-6.79
1315	0	60	0	0	64.98	44.16	-7.38
1316	0	50	0	0	70.07	35.98	-7.49
1317	0	40	0	0	75.09	28.30	-7.25
1318	0	30	0	0	80.06	21.14	-6.71
1319	0	25	0	0	82.52	17.67	-6.39
1320	0	20	0	0	85.05	14.22	-5.96
1321	0	15	0	0	87.46	10.97	-5.52
1322	0	10	0	0	89.89	7.72	-5.04
1323	0	7	0	0	91.42	5.69	-4.72
1324	0	5	0	0	92.44	4.34	-4.51
1325	0	3	0	0	93.45	3.02	-4.29
1326	0	2	0	0	93.95	2.34	-4.18
1327	0	0	100	0	89.00	-4.00	93.00
1328	0	0	98	0	89.03	-4.01	91.57
1329	0	0	95	0	89.11	-3.98	89.15
1330	0	0	90	0	89.30	-3.94	84.28
1331	0	0	85	0	89.52	-3.89	79.22
1332	0	0	80	0	89.77	-3.80	73.57
1333	0	0	75	0	90.02	-3.70	68.06
1334	0	0	70	0	90.29	-3.55	62.44
1335	0	0	60	0	90.87	-3.24	51.71
1336	0	0	50	0	91.49	-2.75	41.34
1337	0	0	40	0	92.13	-2.16	31.60
1338	0	0	30	0	92.80	-1.48	22.40
1339	0	0	25	0	93.13	-1.11	17.92
1340	0	0	20	0	93.49	-0.71	13.36
1341	0	0	15	0	93.85	-0.30	9.13
1342	0	0	10	0	94.22	0.12	4.76
1343	0	0	7	0	94.45	0.38	2.14
1344	0	0	5	0	94.60	0.55	0.41
1345	0	0	3	0	94.76	0.72	-1.32
1346	0	0	2	0	94.83	0.80	-2.19
1347	0	0	0	100	16.00	0.00	0.00
1348	0	0	0	98	17.69	-0.09	-0.11
1349	0	0	0	95	20.62	0.02	-0.30
1350	0	0	0	90	25.78	0.13	-0.63
1351	0	0	0	85	30.82	0.18	-0.94
1352	0	0	0	80	35.68	0.18	-1.23
1353	0	0	0	75	40.37	0.21	-1.49
1354	0	0	0	70	44.71	0.27	-1.75
1355	0	0	0	60	52.81	0.41	-2.21
1356	0	0	0	50	60.40	0.46	-2.59
1357	0	0	0	40	67.40	0.55	-2.90
1358	0	0	0	30	74.30	0.64	-3.22
1359	0	0	0	25	77.66	0.70	-3.37
1360	0	0	0	20	81.17	0.76	-3.50
1361	0	0	0	15	84.46	0.82	-3.62
1362	0	0	0	10	87.87	0.88	-3.73
1363	0	0	0	7	89.99	0.92	-3.80
1364	0	0	0	5	91.41	0.94	-3.85
1365	0	0	0	3	92.81	0.96	-3.89
1366	0	0	0	2	93.55	0.96	-3.92
1367	0	0	0	0	95.00	1.00	-4.00
1368	100	85	85	0	27.01	-5.79	-3.18
1369	80	65	65	0	38.41	-4.09	-3.52
1370	60	45	45	0	52.25	-2.45	-4.04
1371	40	27	27	0	66.51	-1.57	-4.65
1372	20	12	12	0	80.70	-0.62	-5.03
1373	10	6	6	0	87.65	0.29	-4.56
1374	5	3	3	0	91.29	0.73	-4.28
1375	40	27	27	10	61.52	-1.57	-4.47
1376	20	12	12	10	74.69	-0.75	-4.83
1377	10	6	6	10	81.16	0.09	-4.36
1378	60	45	45	20	44.64	-2.32	-3.73
1379	40	27	27	20	56.62	-1.52	-4.22
1380	20	12	12	20	68.77	-0.82	-4.50
1381	10	6	6	20	74.74	-0.04	-4.08
1382	80	65	65	40	27.97	-2.76	-2.38
1383	60	45	45	40	37.24	-2.18	-3.13
1384	40	27	27	40	46.98	-1.50	-3.64
1385	20	12	12	40	57.00	-0.98	-3.85
1386	10	6	6	40	61.92	-0.29	-3.46
1387	100	85	85	60	17.60	-2.86	-1.16
1388	80	65	65	60	22.68	-2.43	-1.92
1389	60	45	45	60	29.70	-1.95	-2.48
1390	40	27	27	60	37.11	-1.41	-2.88
1391	20	12	12	60	44.72	-0.99	-3.03
1392	10	6	6	60	48.44	-0.39	-2.71
1393	100	85	85	80	13.69	-2.06	-0.59
1394	80	65	65	80	16.76	-1.80	-1.05
1395	60	45	45	80	21.12	-1.65	-1.73
1396	40	27	27	80	25.94	-1.31	-1.94
1397	20	12	12	80	30.16	-0.84	-1.81
1398	10	6	6	80	32.77	-0.41	-1.68
1399	100	85	85	100	9.23	-0.89	0.05
1400	80	65	65	100	10.21	-1.09	-0.20
1401	60	45	45	100	11.62	-0.95	-0.51
1402	40	27	27	100	13.18	-0.93	-0.57
1403	20	12	12	100	14.69	-0.77	-0.62
1404	10	6	6	100	15.40	-0.47	-0.40
1405	100	0	0	70	27.28	-19.13	-24.19
1406	0	100	0	70	23.80	35.11	-1.52
1407	0	0	100	70	41.98	-4.62	40.36
1408	100	100	0	70	15.29	9.51	-19.43
1409	100	0	100	70	26.66	-31.48	12.22
1410	0	100	100	70	23.81	28.67	20.24
1411	40	40	0	70	30.08	5.57	-11.29
1412	40	0	40	70	36.68	-10.80	4.43
1413	0	40	40	70	35.27	10.34	10.34
1414	3	3	0	0	92.26	1.99	-5.75
1415	3	0	3	0	93.55	-0.32	-2.80
1416	0	3	3	0	93.24	2.75	-1.73
1417	3	3	3	0	92.12	1.47	-3.25
1418	3	0	0	3	91.63	-0.03	-5.34
1419	0	3	0	3	91.36	2.86	-4.21
1420	3	3	0	3	90.20	1.87	-5.63
1421	0	0	3	3	92.59	0.67	-1.41
1422	3	0	3	3	91.41	-0.34	-2.86
1423	0	3	3	3	91.15	2.59	-1.79
1424	3	3	3	3	90.13	1.34	-3.28
1425	7	7	0	0	88.76	3.23	-8.02
1426	7	0	7	0	91.68	-2.13	-1.32
1427	0	7	7	0	90.96	5.09	1.15
1428	7	7	7	0	88.37	1.98	-2.27
1429	7	0	0	7	87.35	-1.32	-7.04
1430	0	7	0	7	86.66	5.28	-4.51
1431	7	7	0	7	84.13	2.97	-7.64
1432	0	0	7	7	89.48	0.26	1.86
1433	7	0	7	7	86.86	-2.10	-1.38
1434	0	7	7	7	86.21	4.68	0.97
1435	7	7	7	7	83.83	1.74	-2.27
1436	40	3	0	0	77.89	-10.99	-23.25
1437	3	40	0	0	74.14	27.03	-8.56
1438	40	0	3	0	78.97	-13.38	-20.61
1439	40	3	3	0	77.70	-11.68	-20.85
1440	0	40	3	0	74.99	28.08	-5.07
1441	3	40	3	0	73.95	26.88	-6.42
1442	40	40	3	0	62.38	10.91	-22.19
1443	3	0	40	0	90.97	-3.47	29.96
1444	0	3	40	0	90.70	-0.11	30.76
1445	3	3	40	0	89.57	-1.51	29.21
1446	40	3	40	0	75.64	-18.16	9.86
1447	3	40	40	0	72.61	23.96	20.71
1448	40	0	0	3	77.35	-12.53	-22.66
1449	40	3	0	3	76.14	-10.83	-22.77
1450	0	40	0	3	73.42	27.57	-7.11
1451	3	40	0	3	72.49	26.33	-8.40
1452	40	40	0	3	61.19	11.04	-23.68
1453	40	0	3	3	77.16	-13.14	-20.25
1454	40	3	3	3	75.96	-11.50	-20.48
1455	0	40	3	3	73.32	27.36	-5.07
1456	3	40	3	3	72.31	26.19	-6.39
1457	40	40	3	3	60.97	10.61	-21.82
1458	0	0	40	3	90.02	-2.22	30.71
1459	3	0	40	3	88.88	-3.51	29.13
1460	40	0	40	3	75.15	-19.61	10.13
1461	0	3	40	3	88.65	-0.27	29.91
1462	3	3	40	3	87.56	-1.64	28.41
1463	40	3	40	3	73.95	-17.88	9.50
1464	0	40	40	3	72.02	24.65	21.60
1465	3	40	40	3	70.98	23.27	20.13
1466	40	40	40	3	59.15	5.33	2.30
1467	3	0	0	40	66.53	-0.22	-4.02
1468	0	3	0	40	66.34	1.94	-3.09
1469	3	3	0	40	65.50	1.17	-4.17
1470	40	3	0	40	55.30	-8.41	-16.56
1471	3	40	0	40	52.75	18.98	-5.94
1472	0	0	3	40	67.24	0.27	-1.08
1473	3	0	3	40	66.38	-0.53	-2.19
1474	40	0	3	40	56.06	-10.22	-14.72
1475	0	3	3	40	66.18	1.72	-1.40
1476	3	3	3	40	65.07	0.72	-2.52
1477	40	3	3	40	55.09	-8.93	-14.87
1478	0	40	3	40	53.38	19.67	-3.45
1479	3	40	3	40	52.55	18.77	-4.47
1480	40	40	3	40	44.33	7.73	-16.01
1481	3	0	40	40	64.37	-3.52	20.45
1482	0	3	40	40	64.19	-1.07	21.08
1483	3	3	40	40	63.32	-2.11	19.93
1484	40	3	40	40	53.69	-13.80	6.34
1485	3	40	40	40	51.47	15.89	14.23
1486	0	0	0	10	87.87	0.88	-3.73
1487	0	0	10	10	87.15	-0.04	4.17
1488	0	0	20	10	86.45	-0.87	12.14
1489	0	0	40	10	85.19	-2.34	28.87
1490	0	0	70	10	83.45	-3.77	57.22
1491	0	10	0	10	83.20	7.01	-4.69
1492	0	10	10	10	82.60	6.15	2.85
1493	0	10	20	10	81.97	5.32	10.52
1494	0	10	40	10	80.84	3.95	26.51
1495	0	10	70	10	79.25	2.55	53.52
1496	0	20	0	10	78.70	13.04	-5.54
1497	0	20	10	10	78.18	12.25	1.64
1498	0	20	20	10	77.66	11.40	9.05
1499	0	20	40	10	76.63	10.17	24.38
1500	0	20	70	10	75.20	8.78	50.05
1501	0	40	0	10	69.53	26.03	-6.77
1502	0	40	10	10	69.20	25.25	-0.14
1503	0	40	20	10	68.85	24.50	6.69
1504	0	40	40	10	68.18	23.14	20.37
1505	0	40	70	10	67.03	21.80	43.45
1506	0	70	0	10	55.55	48.65	-6.41
1507	0	70	10	10	55.51	47.86	-0.90
1508	0	70	20	10	55.45	46.97	4.81
1509	0	70	40	10	55.24	45.52	16.23
1510	0	70	70	10	54.56	43.82	34.87
1511	10	0	0	10	84.17	-2.25	-8.25
1512	10	0	10	10	83.51	-3.44	-0.38
1513	10	0	20	10	82.88	-4.45	7.52
1514	10	0	40	10	81.67	-6.37	23.91
1515	10	0	70	10	80.02	-8.19	51.73
1516	10	10	0	10	79.73	3.71	-9.03
1517	10	10	10	10	79.23	1.99	-1.65
1518	10	10	20	10	78.63	0.93	6.12
1519	10	10	40	10	77.48	-0.67	21.66
1520	10	10	70	10	75.91	-2.32	48.37
1521	10	20	0	10	75.42	9.59	-9.75
1522	10	20	10	10	74.81	8.14	-2.74
1523	10	20	20	10	74.31	7.09	4.64
1524	10	20	40	10	73.26	5.55	19.48
1525	10	20	70	10	71.88	3.85	44.89
1526	10	40	0	10	66.59	22.16	-10.86
1527	10	40	10	10	65.94	21.23	-4.44
1528	10	40	20	10	65.57	20.27	2.27
1529	10	40	40	10	64.83	18.60	15.49
1530	10	40	70	10	63.77	16.86	38.30
1531	10	70	0	10	53.15	44.14	-10.38
1532	10	70	10	10	52.73	43.44	-5.03
1533	10	70	20	10	52.60	42.44	0.48
1534	10	70	40	10	52.29	40.77	11.48
1535	10	70	70	10	51.58	38.84	29.86
1536	20	0	0	10	80.54	-5.37	-12.64
1537	20	0	10	10	79.90	-6.83	-4.86
1538	20	0	20	10	79.32	-8.02	2.90
1539	20	0	40	10	78.16	-10.37	19.05
1540	20	0	70	10	76.58	-12.65	46.23
1541	20	10	0	10	76.28	0.39	-13.31
1542	20	10	10	10	75.66	-1.69	-6.23
1543	20	10	20	10	75.09	-2.93	1.44
1544	20	10	40	10	73.99	-4.90	16.71
1545	20	10	70	10	72.51	-6.93	42.89
1546	20	20	0	10	72.16	6.13	-13.92
1547	20	20	10	10	71.42	4.33	-7.21
1548	20	20	20	10	70.93	3.09	0.02
1549	20	20	40	10	69.86	1.02	14.55
1550	20	20	70	10	68.50	-1.07	39.55
1551	20	40	0	10	63.67	18.34	-14.84
1552	20	40	10	10	62.92	17.10	-8.68
1553	20	40	20	10	62.39	15.92	-2.22
1554	20	40	40	10	61.62	13.94	10.66
1555	20	40	70	10	60.53	11.84	33.07
1556	20	70	0	10	50.75	39.56	-14.34
1557	20	70	10	10	50.24	38.70	-9.16
1558	20	70	20	10	49.82	37.72	-3.90
1559	20	70	40	10	49.42	35.84	6.73
1560	20	70	70	10	48.66	33.66	24.78
1561	40	0	0	10	73.24	-12.02	-21.50
1562	40	0	10	10	72.70	-13.89	-13.84
1563	40	0	20	10	72.18	-15.66	-6.16
1564	40	0	40	10	71.18	-18.84	9.43
1565	40	0	70	10	69.67	-22.16	35.38
1566	40	10	0	10	69.33	-6.47	-21.90
1567	40	10	10	10	68.90	-8.66	-14.65
1568	40	10	20	10	68.40	-10.37	-7.20
1569	40	10	40	10	67.42	-13.36	7.57
1570	40	10	70	10	65.95	-16.42	32.47
1571	40	20	0	10	65.52	-1.02	-22.27
1572	40	20	10	10	65.04	-2.99	-15.38
1573	40	20	20	10	64.58	-4.74	-8.39
1574	40	20	40	10	63.63	-7.61	5.76
1575	40	20	70	10	62.24	-10.62	29.48
1576	40	40	0	10	57.89	10.46	-22.64
1577	40	40	10	10	57.23	9.03	-16.52
1578	40	40	20	10	56.68	7.64	-10.31
1579	40	40	40	10	55.97	4.89	2.05
1580	40	40	70	10	54.74	1.98	23.51
1581	40	70	0	10	45.95	30.44	-22.03
1582	40	70	10	10	45.44	29.41	-16.93
1583	40	70	20	10	45.01	28.28	-11.82
1584	40	70	40	10	44.40	26.02	-1.70
1585	40	70	70	10	43.59	23.24	15.71
1586	70	0	0	10	61.89	-23.59	-34.80
1587	70	0	10	10	61.43	-26.39	-27.41
1588	70	0	20	10	61.02	-28.98	-20.06
1589	70	0	40	10	60.14	-33.70	-5.22
1590	70	0	70	10	58.71	-39.13	18.66
1591	70	10	0	10	58.59	-18.40	-34.71
1592	70	10	10	10	58.40	-21.03	-27.45
1593	70	10	20	10	57.97	-23.52	-20.37
1594	70	10	40	10	57.12	-27.95	-6.38
1595	70	10	70	10	55.76	-33.17	16.72
1596	70	20	0	10	55.37	-13.32	-34.64
1597	70	20	10	10	55.13	-15.71	-27.75
1598	70	20	20	10	54.83	-18.04	-20.89
1599	70	20	40	10	53.99	-22.24	-7.66
1600	70	20	70	10	52.73	-27.24	14.52
1601	70	40	0	10	48.84	-2.64	-34.29
1602	70	40	10	10	48.49	-4.56	-28.21
1603	70	40	20	10	48.12	-6.50	-22.11
1604	70	40	40	10	47.36	-10.20	-10.42
1605	70	40	70	10	46.27	-14.70	9.74
1606	70	70	0	10	38.48	15.68	-33.36
1607	70	70	10	10	38.12	14.36	-28.30
1608	70	70	20	10	37.78	12.89	-23.28
1609	70	70	40	10	37.20	9.83	-13.51
1610	70	70	70	10	36.41	5.81	3.05
1611	50	40	40	0	57.46	0.38	-2.03
1612	100	0	0	10	51.99	-34.74	-46.14
1613	0	100	0	10	44.54	69.09	-4.07
1614	0	0	100	10	82.20	-4.22	85.30
1615	0	100	100	10	43.74	62.04	43.54
1616	100	0	100	10	47.22	-60.96	24.16
1617	100	100	0	10	24.10	17.89	-42.18
END_DATA							
