ISO28178
ORIGINATOR "ISO TC130"
FILE_DESCRIPTOR "ISO15339-CRPC3"
# ISO/PAS 15339-2 Characterized Reference Printing Condition 3, Typical Premium Uncoated
CREATED "2012-12-01"
MEASUREMENT_GEOMETRY "ISO 13655 - Reflection, M1"
FILTER "D50"
SAMPLE_BACKING "White"
# Reference White Point (LAB) = 95.00  1.00  -4.00
# Reference Black Point (LAB) = 27.08  -0.19  1.07
NUMBER_OF_FIELDS 8
BEGIN_DATA_FORMAT
SAMPLE_ID	CMYK_C	CMYK_M	CMYK_Y	CMYK_K	LAB_L	LAB_A	LAB_B
END_DATA_FORMAT
NUMBER_OF_SETS 1617
BEGIN_DATA
1	0	0	0	0	95.00	1.00	-4.00
2	0	10	0	0	89.76	8.54	-4.59
3	0	20	0	0	85.06	15.35	-5.08
4	0	30	0	0	80.45	22.09	-5.43
5	0	40	0	0	76.13	28.52	-5.59
6	0	55	0	0	69.91	38.08	-5.41
7	0	70	0	0	64.17	47.28	-4.53
8	0	85	0	0	59.17	55.64	-3.13
9	0	100	0	0	56.00	61.00	-2.00
10	10	0	0	0	90.81	-2.77	-8.79
11	10	10	0	0	85.90	4.45	-9.16
12	10	20	0	0	81.42	10.98	-9.48
13	10	30	0	0	77.06	17.43	-9.69
14	10	40	0	0	73.02	23.53	-9.71
15	10	55	0	0	67.12	32.71	-9.31
16	10	70	0	0	61.68	41.46	-8.29
17	10	85	0	0	56.93	49.41	-6.84
18	10	100	0	0	53.90	54.61	-5.64
19	20	0	0	0	86.90	-6.25	-13.28
20	20	10	0	0	82.25	0.57	-13.50
21	20	20	0	0	78.00	6.84	-13.66
22	20	30	0	0	73.89	13.00	-13.69
23	20	40	0	0	70.11	18.80	-13.54
24	20	55	0	0	64.50	27.55	-12.96
25	20	70	0	0	59.32	35.90	-11.84
26	20	85	0	0	54.80	43.48	-10.30
27	20	100	0	0	51.89	48.50	-9.08
28	30	0	0	0	83.08	-9.52	-17.69
29	30	10	0	0	78.70	-3.05	-17.67
30	30	20	0	0	74.70	2.91	-17.65
31	30	30	0	0	70.82	8.77	-17.52
32	30	40	0	0	67.26	14.31	-17.22
33	30	55	0	0	61.95	22.65	-16.45
34	30	70	0	0	57.04	30.63	-15.21
35	30	85	0	0	52.73	37.89	-13.61
36	30	100	0	0	49.96	42.66	-12.35
37	40	0	0	0	79.38	-12.59	-21.93
38	40	10	0	0	75.27	-6.37	-21.67
39	40	20	0	0	71.58	-0.73	-21.43
40	40	30	0	0	67.94	4.81	-21.12
41	40	40	0	0	64.53	10.07	-20.70
42	40	55	0	0	59.51	18.05	-19.74
43	40	70	0	0	54.85	25.65	-18.38
44	40	85	0	0	50.75	32.60	-16.71
45	40	100	0	0	48.11	37.22	-15.40
46	55	0	0	0	73.91	-16.94	-28.20
47	55	10	0	0	70.18	-11.29	-27.59
48	55	20	0	0	66.78	-6.09	-27.07
49	55	30	0	0	63.47	-0.96	-26.50
50	55	40	0	0	60.41	3.85	-25.84
51	55	55	0	0	55.81	11.17	-24.60
52	55	70	0	0	51.54	18.22	-23.07
53	55	85	0	0	47.77	24.67	-21.34
54	55	100	0	0	45.25	29.02	-20.11
55	70	0	0	0	68.54	-20.75	-34.30
56	70	10	0	0	65.19	-15.56	-33.30
57	70	20	0	0	62.16	-10.82	-32.47
58	70	30	0	0	59.20	-6.15	-31.57
59	70	40	0	0	56.42	-1.71	-30.63
60	70	55	0	0	52.27	5.01	-29.04
61	70	70	0	0	48.38	11.46	-27.33
62	70	85	0	0	44.92	17.35	-25.56
63	70	100	0	0	42.65	21.35	-24.34
64	85	0	0	0	63.45	-24.01	-40.08
65	85	10	0	0	60.50	-19.28	-38.61
66	85	20	0	0	57.81	-14.98	-37.39
67	85	30	0	0	55.15	-10.74	-36.16
68	85	40	0	0	52.66	-6.68	-34.98
69	85	55	0	0	48.93	-0.60	-33.06
70	85	70	0	0	45.40	5.31	-31.21
71	85	85	0	0	42.20	10.74	-29.45
72	85	100	0	0	40.03	14.39	-28.29
73	100	0	0	0	60.00	-26.00	-44.00
74	100	10	0	0	57.32	-21.71	-42.22
75	100	20	0	0	54.85	-17.72	-40.67
76	100	30	0	0	52.40	-13.80	-39.18
77	100	40	0	0	50.11	-10.05	-37.85
78	100	55	0	0	46.67	-4.39	-35.72
79	100	70	0	0	43.37	1.18	-33.78
80	100	85	0	0	40.29	6.33	-32.07
81	100	100	0	0	38.00	10.00	-31.00
82	0	0	10	0	94.26	-0.41	5.59
83	0	10	10	0	89.05	7.26	3.91
84	0	20	10	0	84.37	14.20	2.61
85	0	30	10	0	79.80	21.04	1.43
86	0	40	10	0	75.58	27.43	0.69
87	0	55	10	0	69.42	37.07	-0.20
88	0	70	10	0	63.81	46.22	-0.24
89	0	85	10	0	58.97	54.46	0.40
90	0	100	10	0	55.88	59.85	1.20
91	10	0	10	0	90.06	-4.32	0.47
92	10	10	10	0	85.49	2.46	-1.63
93	10	20	10	0	80.83	9.43	-2.68
94	10	30	10	0	76.34	16.23	-3.52
95	10	40	10	0	72.11	22.77	-4.08
96	10	55	10	0	66.23	32.08	-4.49
97	10	70	10	0	60.91	40.85	-4.18
98	10	85	10	0	56.50	48.41	-3.42
99	10	100	10	0	53.63	53.43	-2.57
100	20	0	10	0	86.11	-8.00	-4.35
101	20	10	10	0	81.72	-1.68	-6.28
102	20	20	10	0	77.30	5.01	-7.13
103	20	30	10	0	73.08	11.50	-7.73
104	20	40	10	0	69.11	17.80	-8.09
105	20	55	10	0	63.56	26.72	-8.24
106	20	70	10	0	58.49	35.15	-7.79
107	20	85	10	0	54.26	42.43	-6.95
108	20	100	10	0	51.53	47.29	-6.06
109	30	0	10	0	82.28	-11.47	-8.97
110	30	10	10	0	78.13	-5.36	-10.57
111	30	20	10	0	73.99	0.98	-11.17
112	30	30	10	0	70.02	7.14	-11.65
113	30	40	10	0	66.27	13.16	-11.81
114	30	55	10	0	61.01	21.71	-11.75
115	30	70	10	0	56.19	29.78	-11.15
116	30	85	10	0	52.15	36.80	-10.24
117	30	100	10	0	49.52	41.46	-9.35
118	40	0	10	0	78.61	-14.67	-13.35
119	40	10	10	0	74.72	-8.65	-14.52
120	40	20	10	0	70.91	-2.70	-14.84
121	40	30	10	0	67.20	3.13	-15.11
122	40	40	10	0	63.61	8.88	-15.24
123	40	55	10	0	58.61	17.07	-15.00
124	40	70	10	0	54.02	24.79	-14.27
125	40	85	10	0	50.16	31.52	-13.30
126	40	100	10	0	47.63	36.04	-12.40
127	55	0	10	0	73.11	-19.34	-19.90
128	55	10	10	0	69.70	-13.57	-20.42
129	55	20	10	0	66.22	-8.07	-20.45
130	55	30	10	0	62.87	-2.68	-20.41
131	55	40	10	0	59.65	2.56	-20.25
132	55	55	10	0	55.01	10.24	-19.76
133	55	70	10	0	50.78	17.39	-18.84
134	55	85	10	0	47.19	23.65	-17.78
135	55	100	10	0	44.81	27.86	-16.90
136	70	0	10	0	67.79	-23.47	-26.07
137	70	10	10	0	64.76	-18.04	-26.01
138	70	20	10	0	61.66	-12.97	-25.73
139	70	30	10	0	58.65	-8.01	-25.38
140	70	40	10	0	55.76	-3.21	-24.95
141	70	55	10	0	51.57	3.85	-24.12
142	70	70	10	0	47.67	10.55	-23.02
143	70	85	10	0	44.38	16.28	-21.87
144	70	100	10	0	42.19	20.14	-20.96
145	85	0	10	0	62.81	-27.05	-31.78
146	85	10	10	0	60.08	-21.99	-31.30
147	85	20	10	0	57.32	-17.34	-30.66
148	85	30	10	0	54.63	-12.80	-29.99
149	85	40	10	0	52.04	-8.39	-29.29
150	85	55	10	0	48.29	-1.95	-28.13
151	85	70	10	0	44.75	4.17	-26.82
152	85	85	10	0	41.74	9.48	-25.56
153	85	100	10	0	39.73	12.97	-24.66
154	100	0	10	0	59.44	-29.35	-35.65
155	100	10	10	0	56.79	-24.62	-35.07
156	100	20	10	0	54.27	-20.29	-34.07
157	100	30	10	0	51.80	-16.03	-33.14
158	100	40	10	0	49.44	-11.95	-32.25
159	100	55	10	0	45.98	-5.95	-30.83
160	100	70	10	0	42.72	-0.25	-29.38
161	100	85	10	0	39.90	4.70	-28.08
162	100	100	10	0	37.92	8.07	-27.22
163	0	0	20	0	93.61	-1.62	14.34
164	0	10	20	0	88.43	6.10	11.86
165	0	20	20	0	83.74	13.14	9.79
166	0	30	20	0	79.21	20.03	7.95
167	0	40	20	0	75.08	26.45	6.42
168	0	55	20	0	68.97	36.11	4.64
169	0	70	20	0	63.46	45.21	3.81
170	0	85	20	0	58.75	53.37	3.79
171	0	100	20	0	55.76	58.71	4.13
172	10	0	20	0	89.35	-5.65	8.93
173	10	10	20	0	84.80	1.09	6.46
174	10	20	20	0	80.18	8.14	4.61
175	10	30	20	0	75.74	15.00	3.07
176	10	40	20	0	71.57	21.61	1.77
177	10	55	20	0	65.76	30.99	0.41
178	10	70	20	0	60.53	39.76	-0.14
179	10	85	20	0	56.21	47.32	-0.02
180	10	100	20	0	53.42	52.31	0.33
181	20	0	20	0	85.36	-9.50	3.84
182	20	10	20	0	80.98	-3.17	1.56
183	20	20	20	0	76.65	3.55	-0.03
184	20	30	20	0	72.46	10.10	-1.35
185	20	40	20	0	68.42	16.60	-2.47
186	20	55	20	0	62.83	25.75	-3.56
187	20	70	20	0	57.85	34.24	-3.91
188	20	85	20	0	53.81	41.38	-3.67
189	20	100	20	0	51.20	46.13	-3.29
190	30	0	20	0	81.52	-13.13	-1.02
191	30	10	20	0	77.38	-7.02	-2.95
192	30	20	20	0	73.33	-0.67	-4.31
193	30	30	20	0	69.39	5.59	-5.37
194	30	40	20	0	65.58	11.83	-6.28
195	30	55	20	0	60.28	20.63	-7.10
196	30	70	20	0	55.53	28.81	-7.30
197	30	85	20	0	51.65	35.72	-6.99
198	30	100	20	0	49.13	40.32	-6.60
199	40	0	20	0	77.89	-16.46	-5.59
200	40	10	20	0	74.02	-10.47	-7.09
201	40	20	20	0	70.26	-4.48	-8.20
202	40	30	20	0	66.55	1.49	-9.00
203	40	40	20	0	62.93	7.46	-9.73
204	40	55	20	0	57.90	15.94	-10.34
205	40	70	20	0	53.37	23.80	-10.39
206	40	85	20	0	49.65	30.44	-10.03
207	40	100	20	0	47.21	34.91	-9.55
208	55	0	20	0	72.35	-21.44	-12.40
209	55	10	20	0	68.97	-15.64	-13.26
210	55	20	20	0	65.64	-10.00	-13.96
211	55	30	20	0	62.28	-4.42	-14.42
212	55	40	20	0	59.01	1.12	-14.81
213	55	55	20	0	54.36	9.05	-15.06
214	55	70	20	0	50.16	16.38	-14.87
215	55	85	20	0	46.69	22.59	-14.38
216	55	100	20	0	44.39	26.73	-13.91
217	70	0	20	0	67.08	-25.79	-18.77
218	70	10	20	0	64.07	-20.26	-19.07
219	70	20	20	0	61.13	-15.01	-19.36
220	70	30	20	0	58.11	-9.86	-19.46
221	70	40	20	0	55.17	-4.75	-19.55
222	70	55	20	0	50.97	2.55	-19.40
223	70	70	20	0	47.10	9.45	-18.98
224	70	85	20	0	43.91	15.13	-18.34
225	70	100	20	0	41.79	18.95	-17.80
226	85	0	20	0	62.17	-29.67	-24.50
227	85	10	20	0	59.45	-24.46	-24.43
228	85	20	20	0	56.82	-19.58	-24.36
229	85	30	20	0	54.12	-14.79	-24.13
230	85	40	20	0	51.49	-10.11	-23.92
231	85	55	20	0	47.72	-3.37	-23.40
232	85	70	20	0	44.23	2.93	-22.69
233	85	85	20	0	41.32	8.17	-21.89
234	85	100	20	0	39.41	11.57	-21.28
235	100	0	20	0	58.85	-32.31	-28.24
236	100	10	20	0	56.20	-27.34	-28.11
237	100	20	20	0	53.73	-22.78	-27.83
238	100	30	20	0	51.25	-18.27	-27.36
239	100	40	20	0	48.85	-13.85	-26.97
240	100	55	20	0	45.39	-7.54	-26.19
241	100	70	20	0	42.19	-1.72	-25.27
242	100	85	20	0	39.50	3.14	-24.34
243	100	100	20	0	37.73	6.31	-23.68
244	0	0	30	0	92.97	-2.67	23.05
245	0	10	30	0	87.81	5.10	19.79
246	0	20	30	0	83.16	12.20	16.99
247	0	30	30	0	78.64	19.14	14.37
248	0	40	30	0	74.54	25.60	12.24
249	0	55	30	0	68.51	35.28	9.51
250	0	70	30	0	63.11	44.36	7.85
251	0	85	30	0	58.51	52.46	7.21
252	0	100	30	0	55.63	57.71	7.13
253	10	0	30	0	88.68	-6.87	17.36
254	10	10	30	0	84.11	-0.02	14.42
255	10	20	30	0	79.54	7.05	11.84
256	10	30	30	0	75.14	13.93	9.49
257	10	40	30	0	71.00	20.61	7.57
258	10	55	30	0	65.27	30.04	5.24
259	10	70	30	0	60.15	38.80	3.90
260	10	85	30	0	55.91	46.34	3.38
261	10	100	30	0	53.21	51.32	3.32
262	20	0	30	0	84.67	-10.86	12.00
263	20	10	30	0	80.28	-4.43	9.29
264	20	20	30	0	76.00	2.27	7.02
265	20	30	30	0	71.86	8.89	4.98
266	20	40	30	0	67.85	15.45	3.26
267	20	55	30	0	62.33	24.69	1.24
268	20	70	30	0	57.43	33.20	0.13
269	20	85	30	0	53.46	40.36	-0.28
270	20	100	30	0	50.90	45.14	-0.34
271	30	0	30	0	80.80	-14.64	6.89
272	30	10	30	0	76.68	-8.50	4.52
273	30	20	30	0	72.67	-2.09	2.57
274	30	30	30	0	68.78	4.25	0.85
275	30	40	30	0	65.00	10.55	-0.62
276	30	55	30	0	59.72	19.51	-2.37
277	30	70	30	0	54.97	27.82	-3.32
278	30	85	30	0	51.19	34.68	-3.66
279	30	100	30	0	48.74	39.22	-3.71
280	40	0	30	0	77.16	-18.13	2.07
281	40	10	30	0	73.31	-12.09	0.18
282	40	20	30	0	69.59	-6.04	-1.47
283	40	30	30	0	65.93	0.03	-2.91
284	40	40	30	0	62.35	6.05	-4.18
285	40	55	30	0	57.34	14.72	-5.63
286	40	70	30	0	52.80	22.75	-6.41
287	40	85	30	0	49.16	29.38	-6.68
288	40	100	30	0	46.79	33.82	-6.63
289	55	0	30	0	71.61	-23.35	-4.97
290	55	10	30	0	68.27	-17.47	-6.22
291	55	20	30	0	64.97	-11.76	-7.38
292	55	30	30	0	61.67	-6.04	-8.43
293	55	40	30	0	58.41	-0.38	-9.32
294	55	55	30	0	53.81	7.74	-10.36
295	55	70	30	0	49.60	15.29	-10.86
296	55	85	30	0	46.20	21.51	-10.97
297	55	100	30	0	43.96	25.65	-10.91
298	70	0	30	0	66.38	-27.95	-11.54
299	70	10	30	0	63.40	-22.33	-12.24
300	70	20	30	0	60.49	-16.97	-12.94
301	70	30	30	0	57.53	-11.61	-13.58
302	70	40	30	0	54.58	-6.32	-14.12
303	70	55	30	0	50.41	1.23	-14.72
304	70	70	30	0	46.56	8.25	-14.91
305	70	85	30	0	43.43	13.99	-14.81
306	70	100	30	0	41.38	17.78	-14.66
307	85	0	30	0	61.53	-32.12	-17.35
308	85	10	30	0	58.82	-26.77	-17.69
309	85	20	30	0	56.21	-21.72	-18.03
310	85	30	30	0	53.57	-16.70	-18.32
311	85	40	30	0	50.92	-11.78	-18.54
312	85	55	30	0	47.17	-4.79	-18.71
313	85	70	30	0	43.71	1.63	-18.55
314	85	85	30	0	40.89	6.89	-18.22
315	85	100	30	0	39.04	10.27	-17.93
316	100	0	30	0	58.26	-34.95	-21.13
317	100	10	30	0	55.62	-29.83	-21.39
318	100	20	30	0	53.16	-25.07	-21.55
319	100	30	30	0	50.69	-20.33	-21.65
320	100	40	30	0	48.26	-15.69	-21.66
321	100	55	30	0	44.82	-9.10	-21.55
322	100	70	30	0	41.67	-3.17	-21.12
323	100	85	30	0	39.08	1.67	-20.59
324	100	100	30	0	37.39	4.82	-20.20
325	0	0	40	0	92.35	-3.49	31.38
326	0	10	40	0	87.20	4.38	27.41
327	0	20	40	0	82.61	11.49	23.87
328	0	30	40	0	78.13	18.43	20.67
329	0	40	40	0	74.02	24.92	17.84
330	0	55	40	0	68.06	34.62	14.26
331	0	70	40	0	62.75	43.68	11.86
332	0	85	40	0	58.27	51.72	10.53
333	0	100	40	0	55.46	56.99	10.09
334	10	0	40	0	88.06	-7.80	25.40
335	10	10	40	0	83.43	-0.88	22.31
336	10	20	40	0	78.92	6.20	19.04
337	10	30	40	0	74.58	13.09	16.05
338	10	40	40	0	70.44	19.75	13.35
339	10	55	40	0	64.78	29.23	10.14
340	10	70	40	0	59.75	38.00	7.99
341	10	85	40	0	55.62	45.51	6.80
342	10	100	40	0	52.98	50.50	6.35
343	20	0	40	0	84.03	-11.88	19.77
344	20	10	40	0	79.60	-5.39	16.95
345	20	20	40	0	75.36	1.23	14.16
346	20	30	40	0	71.25	7.88	11.52
347	20	40	40	0	67.27	14.45	9.08
348	20	55	40	0	61.81	23.75	6.20
349	20	70	40	0	56.99	32.30	4.26
350	20	85	40	0	53.12	39.45	3.18
351	20	100	40	0	50.61	44.26	2.74
352	30	0	40	0	80.15	-15.79	14.41
353	30	10	40	0	75.98	-9.59	11.98
354	30	20	40	0	72.00	-3.25	9.54
355	30	30	40	0	68.16	3.10	7.25
356	30	40	40	0	64.41	9.44	5.11
357	30	55	40	0	59.18	18.45	2.57
358	30	70	40	0	54.50	26.80	0.81
359	30	85	40	0	50.79	33.69	-0.17
360	30	100	40	0	48.39	38.30	-0.60
361	40	0	40	0	76.45	-19.48	9.36
362	40	10	40	0	72.60	-13.45	7.39
363	40	20	40	0	68.91	-7.38	5.34
364	40	30	40	0	65.28	-1.26	3.33
365	40	40	40	0	61.73	4.83	1.46
366	40	55	40	0	56.79	13.54	-0.73
367	40	70	40	0	52.30	21.64	-2.29
368	40	85	40	0	48.69	28.32	-3.18
369	40	100	40	0	46.38	32.77	-3.58
370	55	0	40	0	70.92	-24.87	1.98
371	55	10	40	0	67.57	-19.00	0.64
372	55	20	40	0	64.30	-13.28	-0.81
373	55	30	40	0	61.02	-7.50	-2.30
374	55	40	40	0	57.79	-1.77	-3.79
375	55	55	40	0	53.25	6.43	-5.51
376	55	70	40	0	49.09	14.07	-6.75
377	55	85	40	0	45.72	20.39	-7.46
378	55	100	40	0	43.52	24.57	-7.83
379	70	0	40	0	65.71	-29.77	-4.75
380	70	10	40	0	62.72	-24.13	-5.60
381	70	20	40	0	59.83	-18.70	-6.59
382	70	30	40	0	56.90	-13.25	-7.59
383	70	40	40	0	53.98	-7.77	-8.65
384	70	55	40	0	49.85	-0.17	-9.89
385	70	70	40	0	46.04	6.96	-10.76
386	70	85	40	0	42.95	12.81	-11.23
387	70	100	40	0	40.95	16.65	-11.45
388	85	0	40	0	60.91	-34.18	-10.75
389	85	10	40	0	58.19	-28.78	-11.25
390	85	20	40	0	55.59	-23.64	-11.86
391	85	30	40	0	52.97	-18.51	-12.46
392	85	40	40	0	50.34	-13.39	-13.13
393	85	55	40	0	46.61	-6.25	-13.91
394	85	70	40	0	43.19	0.31	-14.36
395	85	85	40	0	40.42	5.61	-14.52
396	85	100	40	0	38.63	9.03	-14.56
397	100	0	40	0	57.67	-37.10	-14.73
398	100	10	40	0	55.03	-31.93	-15.11
399	100	20	40	0	52.56	-27.09	-15.55
400	100	30	40	0	50.10	-22.24	-15.93
401	100	40	40	0	47.67	-17.41	-16.36
402	100	55	40	0	44.25	-10.63	-16.78
403	100	70	40	0	41.14	-4.57	-16.90
404	100	85	40	0	38.62	0.33	-16.82
405	100	100	40	0	36.98	3.49	-16.72
406	0	0	55	0	91.42	-4.26	44.06
407	0	10	55	0	86.28	3.61	38.95
408	0	20	55	0	81.73	10.69	34.57
409	0	30	55	0	77.30	17.63	30.38
410	0	40	55	0	73.26	24.13	26.76
411	0	55	55	0	67.35	33.83	21.75
412	0	70	55	0	62.19	42.80	18.18
413	0	85	55	0	57.88	50.77	15.81
414	0	100	55	0	55.20	55.98	14.68
415	10	0	55	0	87.08	-8.80	37.70
416	10	10	55	0	82.41	-1.73	33.71
417	10	20	55	0	77.98	5.30	29.57
418	10	30	55	0	73.72	12.14	25.65
419	10	40	55	0	69.69	18.73	22.18
420	10	55	55	0	64.03	28.27	17.59
421	10	70	55	0	59.13	36.99	14.27
422	10	85	55	0	55.15	44.45	12.09
423	10	100	55	0	52.62	49.41	10.98
424	20	0	55	0	83.02	-13.13	31.70
425	20	10	55	0	78.57	-6.45	28.09
426	20	20	55	0	74.38	0.12	24.55
427	20	30	55	0	70.33	6.77	20.99
428	20	40	55	0	66.43	13.29	17.78
429	20	55	55	0	61.03	22.61	13.57
430	20	70	55	0	56.33	31.14	10.50
431	20	85	55	0	52.58	38.26	8.45
432	20	100	55	0	50.17	43.02	7.36
433	30	0	55	0	79.11	-17.25	26.00
434	30	10	55	0	74.94	-10.85	22.82
435	30	20	55	0	71.01	-4.58	19.70
436	30	30	55	0	67.20	1.80	16.56
437	30	40	55	0	63.50	8.12	13.67
438	30	55	55	0	58.37	17.14	9.88
439	30	70	55	0	53.79	25.49	7.02
440	30	85	55	0	50.20	32.36	5.08
441	30	100	55	0	47.88	36.96	4.02
442	40	0	55	0	75.40	-21.12	20.63
443	40	10	55	0	71.55	-14.95	17.96
444	40	20	55	0	67.90	-8.89	15.27
445	40	30	55	0	64.33	-2.75	12.50
446	40	40	55	0	60.83	3.36	9.90
447	40	55	55	0	55.96	12.10	6.50
448	40	70	55	0	51.57	20.21	3.88
449	40	85	55	0	48.06	26.89	2.06
450	40	100	55	0	45.82	31.33	1.03
451	55	0	55	0	69.84	-26.90	12.70
452	55	10	55	0	66.51	-20.95	10.82
453	55	20	55	0	63.27	-15.15	8.77
454	55	30	55	0	60.05	-9.32	6.57
455	55	40	55	0	56.88	-3.54	4.45
456	55	55	55	0	52.41	4.73	1.59
457	55	70	55	0	48.33	12.45	-0.66
458	55	85	55	0	45.03	18.78	-2.26
459	55	100	55	0	42.84	23.05	-3.27
460	70	0	55	0	64.67	-32.16	5.53
461	70	10	55	0	61.70	-26.38	4.15
462	70	20	55	0	58.83	-20.86	2.68
463	70	30	55	0	55.94	-15.31	1.05
464	70	40	55	0	53.07	-9.84	-0.59
465	70	55	55	0	49.02	-2.05	-2.82
466	70	70	55	0	45.28	5.19	-4.60
467	70	85	55	0	42.26	11.11	-5.93
468	70	100	55	0	40.31	15.00	-6.74
469	85	0	55	0	59.93	-36.93	-0.88
470	85	10	55	0	57.23	-31.35	-1.86
471	85	20	55	0	54.65	-26.10	-2.91
472	85	30	55	0	52.05	-20.84	-4.04
473	85	40	55	0	49.46	-15.62	-5.21
474	85	55	55	0	45.80	-8.26	-6.86
475	85	70	55	0	42.44	-1.58	-8.14
476	85	85	55	0	39.73	3.85	-9.09
477	85	100	55	0	37.97	7.40	-9.68
478	100	0	55	0	56.76	-40.11	-5.12
479	100	10	55	0	54.13	-34.75	-5.96
480	100	20	55	0	51.66	-29.76	-6.80
481	100	30	55	0	49.22	-24.76	-7.68
482	100	40	55	0	46.83	-19.79	-8.54
483	100	55	55	0	43.45	-12.78	-9.76
484	100	70	55	0	40.40	-6.55	-10.65
485	100	85	55	0	37.93	-1.50	-11.30
486	100	100	55	0	36.25	1.86	-11.75
487	0	0	70	0	90.49	-4.30	56.40
488	0	10	70	0	85.38	3.52	50.36
489	0	20	70	0	80.85	10.56	45.05
490	0	30	70	0	76.46	17.45	39.99
491	0	40	70	0	72.45	23.90	35.56
492	0	55	70	0	66.63	33.54	29.39
493	0	70	70	0	61.59	42.45	24.65
494	0	85	70	0	57.43	50.34	21.31
495	0	100	70	0	54.87	55.52	19.50
496	10	0	70	0	86.14	-9.03	49.64
497	10	10	70	0	81.44	-1.91	44.86
498	10	20	70	0	77.06	5.02	39.89
499	10	30	70	0	72.84	11.79	35.19
500	10	40	70	0	68.89	18.29	30.89
501	10	55	70	0	63.33	27.71	25.18
502	10	70	70	0	58.47	36.43	20.70
503	10	85	70	0	54.64	43.79	17.56
504	10	100	70	0	52.22	48.68	15.77
505	20	0	70	0	82.03	-13.55	43.20
506	20	10	70	0	77.58	-6.82	38.90
507	20	20	70	0	73.43	-0.32	34.70
508	20	30	70	0	69.41	6.28	30.39
509	20	40	70	0	65.58	12.70	26.36
510	20	55	70	0	60.27	21.89	21.07
511	20	70	70	0	55.62	30.38	16.84
512	20	85	70	0	52.01	37.39	13.88
513	20	100	70	0	49.72	42.05	12.13
514	30	0	70	0	78.10	-17.86	37.11
515	30	10	70	0	73.92	-11.41	33.31
516	30	20	70	0	70.02	-5.19	29.55
517	30	30	70	0	66.21	1.10	25.80
518	30	40	70	0	62.56	7.39	22.09
519	30	55	70	0	57.51	16.33	17.24
520	30	70	70	0	53.05	24.57	13.27
521	30	85	70	0	49.58	31.30	10.45
522	30	100	70	0	47.38	35.79	8.74
523	40	0	70	0	74.36	-21.94	31.34
524	40	10	70	0	70.51	-15.69	28.11
525	40	20	70	0	66.88	-9.67	24.82
526	40	30	70	0	63.31	-3.58	21.51
527	40	40	70	0	59.84	2.48	18.17
528	40	55	70	0	55.06	11.15	13.76
529	40	70	70	0	50.78	19.13	10.07
530	40	85	70	0	47.40	25.68	7.38
531	40	100	70	0	45.28	30.00	5.73
532	55	0	70	0	68.79	-27.98	22.78
533	55	10	70	0	65.43	-21.98	20.42
534	55	20	70	0	62.22	-16.22	17.89
535	55	30	70	0	59.02	-10.41	15.24
536	55	40	70	0	55.88	-4.65	12.48
537	55	55	70	0	51.48	3.57	8.70
538	55	70	70	0	47.51	11.18	5.46
539	55	85	70	0	44.32	17.45	3.01
540	55	100	70	0	42.25	21.59	1.40
541	70	0	70	0	63.65	-33.55	14.92
542	70	10	70	0	60.68	-27.76	13.31
543	70	20	70	0	57.81	-22.23	11.44
544	70	30	70	0	54.93	-16.68	9.42
545	70	40	70	0	52.09	-11.20	7.23
546	70	55	70	0	48.08	-3.40	4.20
547	70	70	70	0	44.43	3.80	1.47
548	70	85	70	0	41.50	9.70	-0.65
549	70	100	70	0	39.62	13.57	-2.05
550	85	0	70	0	58.96	-38.61	7.84
551	85	10	70	0	56.26	-33.04	6.73
552	85	20	70	0	53.68	-27.74	5.41
553	85	30	70	0	51.09	-22.45	4.00
554	85	40	70	0	48.52	-17.22	2.41
555	85	55	70	0	44.88	-9.78	0.10
556	85	70	70	0	41.57	-2.98	-2.04
557	85	85	70	0	38.92	2.54	-3.77
558	85	100	70	0	37.21	6.13	-4.94
559	100	0	70	0	55.82	-41.98	3.07
560	100	10	70	0	53.20	-36.66	2.18
561	100	20	70	0	50.75	-31.62	1.16
562	100	30	70	0	48.32	-26.59	0.10
563	100	40	70	0	45.93	-21.57	-1.05
564	100	55	70	0	42.58	-14.43	-2.83
565	100	70	70	0	39.54	-7.96	-4.54
566	100	85	70	0	37.09	-2.71	-5.93
567	100	100	70	0	35.44	0.73	-7.00
568	0	0	85	0	89.62	-3.69	68.04
569	0	10	85	0	84.51	4.00	61.03
570	0	20	85	0	80.00	10.93	54.99
571	0	30	85	0	75.63	17.74	49.24
572	0	40	85	0	71.66	24.11	44.10
573	0	55	85	0	65.92	33.61	36.83
574	0	70	85	0	60.99	42.46	31.07
575	0	85	85	0	56.94	50.32	26.76
576	0	100	85	0	54.44	55.54	24.34
577	10	0	85	0	85.21	-8.64	60.79
578	10	10	85	0	80.54	-1.56	54.97
579	10	20	85	0	76.19	5.27	49.31
580	10	30	85	0	72.00	11.93	43.93
581	10	40	85	0	68.11	18.30	39.01
582	10	55	85	0	62.63	27.57	32.28
583	10	70	85	0	57.89	36.18	26.81
584	10	85	85	0	54.13	43.50	22.76
585	10	100	85	0	51.82	48.34	20.39
586	20	0	85	0	81.08	-13.36	54.02
587	20	10	85	0	76.65	-6.62	48.73
588	20	20	85	0	72.54	-0.20	43.73
589	20	30	85	0	68.55	6.28	38.78
590	20	40	85	0	64.79	12.58	34.14
591	20	55	85	0	59.57	21.60	27.89
592	20	70	85	0	55.03	29.91	22.73
593	20	85	85	0	51.49	36.82	18.89
594	20	100	85	0	49.31	41.40	16.60
595	30	0	85	0	77.13	-17.85	47.56
596	30	10	85	0	72.97	-11.38	42.82
597	30	20	85	0	69.10	-5.23	38.33
598	30	30	85	0	65.31	0.98	33.90
599	30	40	85	0	61.70	7.14	29.62
600	30	55	85	0	56.74	15.90	23.84
601	30	70	85	0	52.40	23.93	18.98
602	30	85	85	0	49.03	30.52	15.32
603	30	100	85	0	46.95	34.88	13.11
604	40	0	85	0	73.39	-22.07	41.40
605	40	10	85	0	69.54	-15.80	37.28
606	40	20	85	0	65.93	-9.86	33.33
607	40	30	85	0	62.38	-3.86	29.40
608	40	40	85	0	58.93	2.11	25.52
609	40	55	85	0	54.22	10.61	20.21
610	40	70	85	0	50.06	18.40	15.66
611	40	85	85	0	46.83	24.74	12.18
612	40	100	85	0	44.81	28.94	10.02
613	55	0	85	0	67.81	-28.35	32.14
614	55	10	85	0	64.44	-22.34	29.03
615	55	20	85	0	61.25	-16.65	25.94
616	55	30	85	0	58.07	-10.93	22.79
617	55	40	85	0	54.95	-5.23	19.57
618	55	55	85	0	50.61	2.86	14.99
619	55	70	85	0	46.74	10.31	10.96
620	55	85	85	0	43.69	16.40	7.73
621	55	100	85	0	41.71	20.42	5.62
622	70	0	85	0	62.67	-34.15	23.48
623	70	10	85	0	59.69	-28.39	21.29
624	70	20	85	0	56.85	-22.92	19.00
625	70	30	85	0	54.00	-17.43	16.61
626	70	40	85	0	51.18	-12.00	14.08
627	70	55	85	0	47.22	-4.28	10.38
628	70	70	85	0	43.66	2.82	6.91
629	70	85	85	0	40.81	8.66	4.04
630	70	100	85	0	38.98	12.52	2.11
631	85	0	85	0	57.99	-39.41	15.55
632	85	10	85	0	55.33	-33.91	14.16
633	85	20	85	0	52.78	-28.66	12.60
634	85	30	85	0	50.20	-23.44	10.92
635	85	40	85	0	47.65	-18.23	9.07
636	85	55	85	0	44.06	-10.84	6.22
637	85	70	85	0	40.79	-3.98	3.39
638	85	85	85	0	38.17	1.63	0.91
639	85	100	85	0	36.47	5.32	-0.81
640	100	0	85	0	54.84	-42.91	10.22
641	100	10	85	0	52.30	-37.70	9.13
642	100	20	85	0	49.89	-32.74	7.98
643	100	30	85	0	47.48	-27.76	6.80
644	100	40	85	0	45.11	-22.75	5.45
645	100	55	85	0	41.77	-15.57	3.26
646	100	70	85	0	38.73	-8.91	0.91
647	100	85	85	0	36.27	-3.45	-1.22
648	100	100	85	0	34.60	0.17	-2.85
649	0	0	100	0	89.00	-3.00	76.00
650	0	10	100	0	83.92	4.52	68.59
651	0	20	100	0	79.34	11.43	61.90
652	0	30	100	0	74.96	18.17	55.61
653	0	40	100	0	71.11	24.40	50.21
654	0	55	100	0	65.42	33.79	42.21
655	0	70	100	0	60.55	42.59	35.69
656	0	85	100	0	56.55	50.52	30.72
657	0	100	100	0	54.00	56.00	28.00
658	10	0	100	0	84.52	-8.10	68.42
659	10	10	100	0	79.90	-1.11	62.03
660	10	20	100	0	75.53	5.66	55.79
661	10	30	100	0	71.35	12.24	49.93
662	10	40	100	0	67.56	18.47	44.74
663	10	55	100	0	62.15	27.61	37.34
664	10	70	100	0	57.49	36.10	31.16
665	10	85	100	0	53.80	43.39	26.48
666	10	100	100	0	51.48	48.30	23.77
667	20	0	100	0	80.35	-12.93	61.42
668	20	10	100	0	76.00	-6.27	55.57
669	20	20	100	0	71.86	0.10	49.84
670	20	30	100	0	67.90	6.50	44.45
671	20	40	100	0	64.23	12.66	39.57
672	20	55	100	0	59.08	21.55	32.70
673	20	70	100	0	54.63	29.70	26.87
674	20	85	100	0	51.17	36.46	22.41
675	20	100	100	0	49.03	41.04	19.76
676	30	0	100	0	76.39	-17.56	54.69
677	30	10	100	0	72.29	-11.13	49.43
678	30	20	100	0	68.42	-5.03	44.26
679	30	30	100	0	64.65	1.08	39.31
680	30	40	100	0	61.14	7.14	34.80
681	30	55	100	0	56.23	15.75	28.43
682	30	70	100	0	51.99	23.60	22.96
683	30	85	100	0	48.70	30.08	18.74
684	30	100	100	0	46.67	34.33	16.14
685	40	0	100	0	72.72	-21.86	48.39
686	40	10	100	0	68.87	-15.61	43.66
687	40	20	100	0	65.29	-9.73	39.18
688	40	30	100	0	61.76	-3.84	34.79
689	40	40	100	0	58.34	2.03	30.50
690	40	55	100	0	53.67	10.38	24.64
691	40	70	100	0	49.61	18.01	19.51
692	40	85	100	0	46.47	24.20	15.50
693	40	100	100	0	44.53	28.29	12.99
694	55	0	100	0	67.16	-28.34	38.70
695	55	10	100	0	63.75	-22.33	34.98
696	55	20	100	0	60.57	-16.71	31.44
697	55	30	100	0	57.42	-11.08	27.90
698	55	40	100	0	54.34	-5.50	24.35
699	55	55	100	0	50.01	2.51	19.25
700	55	70	100	0	46.22	9.80	14.66
701	55	85	100	0	43.26	15.75	10.95
702	55	100	100	0	41.35	19.59	8.63
703	70	0	100	0	61.98	-34.24	29.25
704	70	10	100	0	59.00	-28.54	26.69
705	70	20	100	0	56.18	-23.15	24.09
706	70	30	100	0	53.35	-17.78	21.43
707	70	40	100	0	50.57	-12.43	18.68
708	70	55	100	0	46.65	-4.79	14.57
709	70	70	100	0	43.14	2.24	10.61
710	70	85	100	0	40.36	8.00	7.26
711	70	100	100	0	38.56	11.83	5.05
712	85	0	100	0	57.27	-39.58	20.68
713	85	10	100	0	54.65	-34.20	19.01
714	85	20	100	0	52.13	-29.09	17.28
715	85	30	100	0	49.58	-23.95	15.47
716	85	40	100	0	47.07	-18.80	13.48
717	85	55	100	0	43.50	-11.41	10.38
718	85	70	100	0	40.25	-4.55	7.06
719	85	85	100	0	37.65	1.14	4.07
720	85	100	100	0	35.90	4.97	2.02
721	100	0	100	0	54.00	-43.00	15.00
722	100	10	100	0	51.61	-38.01	13.71
723	100	20	100	0	49.28	-33.23	12.45
724	100	30	100	0	46.90	-28.34	11.20
725	100	40	100	0	44.55	-23.40	9.75
726	100	55	100	0	41.21	-16.23	7.43
727	100	70	100	0	38.14	-9.50	4.57
728	100	85	100	0	35.68	-3.84	2.00
729	100	100	100	0	34.00	0.00	0.00
730	0	0	0	20	80.57	0.81	-2.48
731	0	10	0	20	76.65	6.55	-3.02
732	0	20	0	20	73.15	11.86	-3.34
733	0	40	0	20	66.37	22.34	-3.89
734	0	70	0	20	56.90	37.04	-3.20
735	0	100	0	20	50.41	47.19	-1.60
736	10	0	0	20	77.40	-2.07	-6.36
737	10	10	0	20	73.68	3.44	-6.63
738	10	20	0	20	70.29	8.54	-6.93
739	10	40	0	20	63.86	18.46	-7.20
740	10	70	0	20	54.95	32.70	-6.10
741	10	100	0	20	48.73	42.36	-4.36
742	20	0	0	20	74.46	-4.82	-9.92
743	20	10	0	20	70.87	0.48	-10.07
744	20	20	0	20	67.66	5.36	-10.21
745	20	40	0	20	61.48	14.88	-10.23
746	20	70	0	20	52.99	28.30	-8.96
747	20	100	0	20	47.15	37.79	-6.95
748	40	0	0	20	68.81	-9.95	-16.92
749	40	10	0	20	65.56	-5.01	-16.70
750	40	20	0	20	62.58	-0.52	-16.65
751	40	40	0	20	57.03	8.14	-16.11
752	40	70	0	20	49.37	20.34	-14.25
753	40	100	0	20	44.11	29.09	-11.93
754	70	0	0	20	60.33	-16.61	-26.57
755	70	10	0	20	57.62	-12.25	-25.91
756	70	20	0	20	55.21	-8.42	-25.32
757	70	40	0	20	50.57	-0.96	-23.95
758	70	70	0	20	44.19	9.55	-21.27
759	70	100	0	20	39.81	17.04	-18.57
760	100	0	0	20	53.69	-21.24	-33.73
761	100	10	0	20	51.45	-17.47	-32.53
762	100	20	0	20	49.38	-14.06	-31.63
763	100	40	0	20	45.47	-7.50	-29.72
764	100	70	0	20	40.13	1.64	-26.35
765	100	100	0	20	36.53	8.02	-23.36
766	0	0	10	20	79.98	-0.44	4.50
767	0	10	10	20	76.05	5.42	3.20
768	0	20	10	20	72.51	10.82	2.36
769	0	40	10	20	65.79	21.24	0.80
770	0	70	10	20	56.52	35.94	0.01
771	0	100	10	20	50.20	45.96	0.76
772	10	0	10	20	76.76	-3.48	0.54
773	10	10	10	20	73.71	1.79	-1.05
774	10	20	10	20	70.09	7.30	-1.83
775	10	40	10	20	63.18	17.77	-2.90
776	10	70	10	20	54.32	32.09	-2.94
777	10	100	10	20	48.50	41.34	-2.06
778	20	0	10	20	73.80	-6.39	-3.11
779	20	10	10	20	70.77	-1.42	-4.69
780	20	20	10	20	67.35	3.87	-5.34
781	20	40	10	20	60.81	14.01	-6.10
782	20	70	10	20	52.37	27.65	-5.84
783	20	100	10	20	46.85	36.72	-4.68
784	40	0	10	20	68.14	-11.68	-10.27
785	40	10	10	20	65.25	-6.91	-11.17
786	40	20	10	20	62.22	-2.14	-11.55
787	40	40	10	20	56.43	7.14	-11.84
788	40	70	10	20	48.76	19.63	-11.03
789	40	100	10	20	43.74	28.15	-9.57
790	70	0	10	20	59.73	-18.73	-20.13
791	70	10	10	20	57.35	-14.29	-20.12
792	70	20	10	20	54.87	-10.16	-20.04
793	70	40	10	20	50.11	-2.18	-19.52
794	70	70	10	20	43.67	8.79	-17.88
795	70	100	10	20	39.43	16.11	-16.04
796	100	0	10	20	53.19	-23.52	-27.40
797	100	10	10	20	51.09	-19.65	-27.09
798	100	20	10	20	48.98	-16.02	-26.55
799	100	40	10	20	44.98	-9.00	-25.32
800	100	70	10	20	39.61	0.53	-22.90
801	100	100	10	20	36.16	6.84	-20.59
802	0	0	20	20	79.41	-1.43	10.90
803	0	10	20	20	75.45	4.48	9.08
804	0	20	20	20	71.93	9.83	7.61
805	0	40	20	20	65.21	20.33	5.13
806	0	70	20	20	56.14	34.92	3.17
807	0	100	20	20	50.00	44.89	3.09
808	10	0	20	20	76.17	-4.63	6.75
809	10	10	20	20	73.08	0.61	5.05
810	10	20	20	20	69.52	6.12	3.67
811	10	40	20	20	62.67	16.75	1.56
812	10	70	20	20	53.94	30.98	0.14
813	10	100	20	20	48.26	40.25	0.27
814	20	0	20	20	73.18	-7.60	2.90
815	20	10	20	20	70.16	-2.70	1.26
816	20	20	20	20	66.78	2.59	0.06
817	20	40	20	20	60.25	12.95	-1.78
818	20	70	20	20	51.87	26.78	-2.85
819	20	100	20	20	46.58	35.70	-2.45
820	40	0	20	20	67.46	-13.17	-4.45
821	40	10	20	20	64.66	-8.44	-5.50
822	40	20	20	20	61.75	-3.66	-6.39
823	40	40	20	20	55.88	5.92	-7.55
824	40	70	20	20	48.26	18.68	-7.95
825	40	100	20	20	43.40	27.10	-7.32
826	70	0	20	20	59.15	-20.43	-14.61
827	70	10	20	20	56.83	-16.05	-14.79
828	70	20	20	20	54.51	-11.83	-15.04
829	70	40	20	20	49.67	-3.48	-15.27
830	70	70	20	20	43.23	7.84	-14.66
831	70	100	20	20	39.10	15.09	-13.59
832	100	0	20	20	52.69	-25.48	-21.95
833	100	10	20	20	50.60	-21.55	-21.85
834	100	20	20	20	48.59	-17.86	-21.80
835	100	40	20	20	44.52	-10.49	-21.18
836	100	70	20	20	39.16	-0.66	-19.66
837	100	100	20	20	35.81	5.61	-18.02
838	0	0	40	20	78.48	-3.21	23.88
839	0	10	40	20	74.47	2.77	20.84
840	0	20	40	20	70.94	8.21	18.36
841	0	40	40	20	64.29	18.84	13.86
842	0	70	40	20	55.46	33.36	9.37
843	0	100	40	20	49.72	43.38	7.85
844	10	0	40	20	75.14	-6.62	19.20
845	10	10	40	20	71.70	-1.23	17.02
846	10	20	40	20	68.30	4.26	14.74
847	10	40	40	20	61.69	14.97	10.48
848	10	70	40	20	53.19	29.19	6.41
849	10	100	40	20	47.84	38.61	5.05
850	20	0	40	20	72.07	-9.80	15.07
851	20	10	40	20	68.84	-4.75	13.07
852	20	20	40	20	65.61	0.45	11.05
853	20	40	40	20	59.23	10.95	7.20
854	20	70	40	20	51.08	24.86	3.55
855	20	100	40	20	46.04	33.92	2.34
856	40	0	40	20	66.31	-15.80	7.17
857	40	10	40	20	63.48	-11.06	5.81
858	40	20	40	20	60.57	-6.23	4.27
859	40	40	40	20	54.98	3.61	1.34
860	40	70	40	20	47.37	16.72	-1.51
861	40	100	40	20	42.69	25.18	-2.52
862	70	0	40	20	58.04	-23.67	-3.55
863	70	10	40	20	55.76	-19.23	-4.18
864	70	20	40	20	53.47	-14.91	-4.96
865	70	40	40	20	48.73	-6.30	-6.79
866	70	70	40	20	42.34	5.66	-8.07
867	70	100	40	20	38.32	13.15	-8.50
868	100	0	40	20	51.77	-29.29	-11.26
869	100	10	40	20	49.68	-25.20	-11.55
870	100	20	40	20	47.65	-21.31	-11.95
871	100	40	40	20	43.57	-13.43	-12.61
872	100	70	40	20	38.25	-3.05	-12.93
873	100	100	40	20	35.03	3.30	-12.60
874	0	0	70	20	76.58	-4.37	42.73
875	0	10	70	20	72.91	1.35	38.62
876	0	20	70	20	69.23	7.01	34.39
877	0	40	70	20	62.71	17.53	27.24
878	0	70	70	20	54.34	31.87	19.15
879	0	100	70	20	49.05	41.59	15.04
880	10	0	70	20	73.60	-7.82	38.16
881	10	10	70	20	69.85	-2.41	34.32
882	10	20	70	20	66.44	2.88	30.56
883	10	40	70	20	60.11	13.34	23.84
884	10	70	70	20	51.98	27.47	16.17
885	10	100	70	20	47.08	36.66	12.34
886	20	0	70	20	70.24	-11.52	32.91
887	20	10	70	20	66.88	-6.25	29.77
888	20	20	70	20	63.72	-1.17	26.66
889	20	40	70	20	57.61	9.14	20.43
890	20	70	70	20	49.80	22.91	13.26
891	20	100	70	20	45.17	31.77	9.63
892	40	0	70	20	64.38	-18.11	23.89
893	40	10	70	20	61.51	-13.16	21.63
894	40	20	70	20	58.69	-8.38	19.18
895	40	40	70	20	53.18	1.38	14.21
896	40	70	70	20	46.01	14.44	8.11
897	40	100	70	20	41.66	22.71	4.79
898	70	0	70	20	56.32	-26.76	11.83
899	70	10	70	20	54.04	-22.26	10.67
900	70	20	70	20	51.76	-17.83	9.20
901	70	40	70	20	47.09	-8.94	5.90
902	70	70	70	20	40.93	3.00	1.56
903	70	100	70	20	37.11	10.57	-1.00
904	100	0	70	20	50.28	-33.06	3.05
905	100	10	70	20	48.19	-28.91	2.32
906	100	20	70	20	46.18	-24.92	1.43
907	100	40	70	20	42.14	-16.79	-0.49
908	100	70	70	20	36.86	-5.86	-3.14
909	100	100	70	20	33.67	0.98	-4.71
910	0	0	100	20	74.49	-4.13	56.32
911	0	10	100	20	70.75	1.68	51.04
912	0	20	100	20	67.48	6.97	46.50
913	0	40	100	20	61.35	17.45	38.04
914	0	70	100	20	53.31	31.50	27.26
915	0	100	100	20	48.32	40.82	21.07
916	10	0	100	20	71.28	-7.88	50.94
917	10	10	100	20	68.01	-2.46	46.54
918	10	20	100	20	64.79	2.76	42.21
919	10	40	100	20	58.77	13.08	34.14
920	10	70	100	20	51.09	27.13	24.13
921	10	100	100	20	46.36	35.58	18.14
922	20	0	100	20	68.33	-11.49	45.94
923	20	10	100	20	65.17	-6.28	41.88
924	20	20	100	20	62.20	-1.33	38.02
925	20	40	100	20	56.29	8.79	30.37
926	20	70	100	20	48.84	22.21	20.85
927	20	100	100	20	44.49	30.54	15.36
928	40	0	100	20	62.75	-18.42	36.48
929	40	10	100	20	59.93	-13.45	33.23
930	40	20	100	20	57.18	-8.78	29.96
931	40	40	100	20	51.76	0.74	23.55
932	40	70	100	20	44.91	13.37	15.32
933	40	100	100	20	40.95	21.25	10.36
934	70	0	100	20	54.85	-27.58	22.94
935	70	10	100	20	52.56	-23.11	21.01
936	70	20	100	20	50.31	-18.80	18.97
937	70	40	100	20	45.76	-10.05	14.71
938	70	70	100	20	39.77	1.69	8.63
939	70	100	100	20	36.21	9.11	4.54
940	100	0	100	20	48.99	-34.32	12.94
941	100	10	100	20	46.95	-30.15	11.79
942	100	20	100	20	44.99	-26.27	10.52
943	100	40	100	20	41.03	-18.32	7.93
944	100	70	100	20	35.75	-7.18	3.93
945	100	100	100	20	32.46	0.13	1.03
946	0	0	0	40	67.58	0.73	-1.24
947	0	20	0	40	62.25	8.85	-1.84
948	0	40	0	40	57.56	16.34	-2.25
949	0	70	0	40	50.47	27.41	-1.93
950	0	100	0	40	45.34	35.18	-0.98
951	20	0	0	40	63.15	-3.43	-6.92
952	20	20	0	40	58.26	4.10	-7.01
953	20	40	0	40	53.88	11.30	-7.03
954	20	70	0	40	47.40	21.14	-6.26
955	20	100	0	40	42.82	28.35	-4.94
956	40	0	0	40	59.20	-7.35	-12.23
957	40	20	0	40	54.55	-0.23	-11.96
958	40	40	0	40	50.43	6.31	-11.49
959	40	70	0	40	44.66	15.58	-10.13
960	40	100	0	40	40.58	22.39	-8.25
961	70	0	0	40	52.85	-12.68	-19.63
962	70	20	0	40	48.98	-6.38	-18.73
963	70	40	0	40	45.53	-0.72	-17.76
964	70	70	0	40	40.54	7.55	-15.54
965	70	100	0	40	37.17	13.34	-13.31
966	100	0	0	40	47.78	-16.63	-25.02
967	100	20	0	40	44.36	-10.78	-23.68
968	100	40	0	40	41.49	-5.64	-22.39
969	100	70	0	40	37.31	1.68	-19.51
970	100	100	0	40	34.61	6.64	-16.82
971	0	0	20	40	66.56	-1.23	8.07
972	0	20	20	40	61.24	6.98	5.72
973	0	40	20	40	56.48	14.57	4.11
974	0	70	20	40	49.69	25.33	2.49
975	0	100	20	40	44.91	32.97	2.35
976	20	0	20	40	62.11	-5.77	2.16
977	20	20	20	40	57.31	1.74	0.18
978	20	40	20	40	52.65	9.48	-0.98
979	20	70	20	40	46.35	19.56	-1.81
980	20	100	20	40	42.23	26.32	-1.60
981	40	0	20	40	58.07	-9.84	-3.28
982	40	20	20	40	53.69	-2.74	-4.55
983	40	40	20	40	49.36	4.42	-5.29
984	40	70	20	40	43.64	13.96	-5.49
985	40	100	20	40	39.89	20.38	-4.91
986	70	0	20	40	51.92	-15.43	-11.02
987	70	20	20	40	48.29	-8.81	-11.16
988	70	40	20	40	44.55	-2.32	-11.27
989	70	70	20	40	39.68	6.13	-10.56
990	70	100	20	40	36.49	11.70	-9.58
991	100	0	20	40	47.03	-19.62	-16.35
992	100	20	20	40	43.67	-13.46	-16.21
993	100	40	20	40	40.58	-7.73	-15.77
994	100	70	20	40	36.42	0.00	-14.41
995	100	100	20	40	33.89	4.82	-12.74
996	0	0	40	40	65.79	-2.81	16.99
997	0	20	40	40	60.41	5.43	13.31
998	0	40	40	40	55.59	13.07	10.23
999	0	70	40	40	49.05	23.86	7.07
1000	0	100	40	40	44.55	31.39	5.80
1001	20	0	40	40	61.35	-7.49	10.88
1002	20	20	40	40	56.46	-0.08	8.10
1003	20	40	40	40	51.80	7.72	5.49
1004	20	70	40	40	45.75	18.06	3.01
1005	20	100	40	40	41.85	24.93	2.16
1006	40	0	40	40	57.10	-11.86	5.04
1007	40	20	40	40	52.77	-4.82	3.11
1008	40	40	40	40	48.49	2.43	1.16
1009	40	70	40	40	42.88	12.23	-0.73
1010	40	100	40	40	39.29	18.64	-1.36
1011	70	0	40	40	51.06	-17.80	-2.94
1012	70	20	40	40	47.47	-11.21	-3.66
1013	70	40	40	40	43.82	-4.49	-4.71
1014	70	70	40	40	38.94	4.29	-5.58
1015	70	100	40	40	35.83	10.06	-5.84
1016	100	0	40	40	46.31	-21.91	-8.76
1017	100	20	40	40	43.00	-15.86	-8.99
1018	100	40	40	40	39.84	-9.86	-9.39
1019	100	70	40	40	35.65	-1.77	-9.42
1020	100	100	40	40	33.15	3.21	-8.93
1021	0	0	70	40	64.00	-4.32	30.15
1022	0	20	70	40	58.70	3.99	24.47
1023	0	40	70	40	54.35	11.18	20.05
1024	0	70	70	40	47.95	21.93	14.03
1025	0	100	70	40	43.87	29.41	11.04
1026	20	0	70	40	59.51	-9.50	23.28
1027	20	20	70	40	54.76	-1.80	19.21
1028	20	40	70	40	50.49	5.84	15.19
1029	20	70	70	40	44.50	15.77	9.93
1030	20	100	70	40	40.92	22.44	7.27
1031	40	0	70	40	55.56	-14.04	17.32
1032	40	20	70	40	51.21	-6.87	14.05
1033	40	40	70	40	47.12	0.32	10.66
1034	40	70	70	40	41.71	10.10	6.40
1035	40	100	70	40	38.40	16.50	4.13
1036	70	0	70	40	49.62	-20.38	8.66
1037	70	20	70	40	46.09	-13.68	6.89
1038	70	40	70	40	42.48	-6.93	4.58
1039	70	70	70	40	37.75	2.08	1.61
1040	70	100	70	40	34.79	7.88	-0.14
1041	100	0	70	40	45.15	-24.98	2.52
1042	100	20	70	40	41.82	-18.62	1.29
1043	100	40	70	40	38.78	-12.75	-0.06
1044	100	70	70	40	34.57	-4.25	-2.02
1045	100	100	70	40	31.97	1.17	-2.86
1046	0	0	100	40	61.90	-4.77	39.80
1047	0	20	100	40	57.01	3.43	33.14
1048	0	40	100	40	53.09	10.70	28.01
1049	0	70	100	40	47.00	21.29	20.05
1050	0	100	100	40	43.21	28.57	15.50
1051	20	0	100	40	57.70	-10.04	32.62
1052	20	20	100	40	53.21	-2.36	27.19
1053	20	40	100	40	49.31	5.25	22.52
1054	20	70	100	40	43.60	14.89	15.52
1055	20	100	100	40	40.31	21.43	11.48
1056	40	0	100	40	54.10	-14.55	26.66
1057	40	20	100	40	49.89	-7.48	21.99
1058	40	40	100	40	45.96	-0.44	17.67
1059	40	70	100	40	40.79	9.22	11.86
1060	40	100	100	40	37.75	15.32	8.30
1061	70	0	100	40	48.42	-21.37	17.28
1062	70	20	100	40	44.91	-14.67	14.31
1063	70	40	100	40	41.53	-8.30	11.32
1064	70	70	100	40	36.82	0.88	6.94
1065	70	100	100	40	34.03	6.64	4.16
1066	100	0	100	40	44.14	-26.21	10.60
1067	100	20	100	40	40.89	-19.85	8.50
1068	100	40	100	40	37.92	-14.11	6.32
1069	100	70	100	40	33.65	-5.41	3.46
1070	100	100	100	40	31.01	0.25	1.79
1071	0	0	0	60	55.02	0.73	-0.30
1072	0	20	0	60	51.74	6.14	-0.60
1073	0	40	0	60	48.66	11.21	-0.77
1074	0	70	0	60	43.95	18.64	-0.48
1075	0	100	0	60	40.30	24.06	0.25
1076	20	0	0	60	52.18	-2.09	-4.39
1077	20	20	0	60	49.00	3.01	-4.19
1078	20	40	0	60	46.14	7.98	-4.07
1079	20	70	0	60	41.72	14.54	-3.45
1080	20	100	0	60	38.46	19.60	-2.56
1081	40	0	0	60	49.58	-4.67	-7.95
1082	40	20	0	60	46.57	-0.01	-7.57
1083	40	40	0	60	43.75	4.60	-7.14
1084	40	70	0	60	39.75	11.13	-6.04
1085	40	100	0	60	36.81	15.86	-4.69
1086	70	0	0	60	45.18	-8.50	-13.19
1087	70	20	0	60	42.51	-4.06	-12.49
1088	70	40	0	60	40.16	-0.11	-11.70
1089	70	70	0	60	36.66	5.69	-9.98
1090	70	100	0	60	34.26	9.80	-8.20
1091	100	0	0	60	41.63	-11.52	-17.19
1092	100	20	0	60	39.21	-7.30	-16.18
1093	100	40	0	60	37.14	-3.56	-15.19
1094	100	70	0	60	34.21	1.75	-12.98
1095	100	100	0	60	32.35	5.30	-10.64
1096	0	0	20	60	54.43	-1.03	5.48
1097	0	20	20	60	50.93	4.41	4.02
1098	0	40	20	60	47.83	9.53	3.00
1099	0	70	20	60	43.25	16.64	2.26
1100	0	100	20	60	39.93	22.07	2.19
1101	20	0	20	60	51.42	-3.96	1.48
1102	20	20	20	60	48.28	1.09	0.31
1103	20	40	20	60	45.13	6.30	-0.31
1104	20	70	20	60	40.89	13.09	-0.61
1105	20	100	20	60	37.99	17.84	-0.42
1106	40	0	20	60	48.78	-6.63	-2.34
1107	40	20	20	60	45.83	-1.82	-2.90
1108	40	40	20	60	42.90	3.10	-3.20
1109	40	70	20	60	38.95	9.63	-3.07
1110	40	100	20	60	36.28	14.07	-2.52
1111	70	0	20	60	44.58	-10.55	-7.50
1112	70	20	20	60	42.01	-5.86	-7.40
1113	70	40	20	60	39.40	-1.33	-7.42
1114	70	70	20	60	36.00	4.57	-6.65
1115	70	100	20	60	33.73	8.46	-5.73
1116	100	0	20	60	41.18	-13.63	-11.41
1117	100	20	20	60	38.74	-9.17	-11.15
1118	100	40	20	60	36.50	-5.02	-10.67
1119	100	70	20	60	33.54	0.52	-9.39
1120	100	100	20	60	31.75	3.98	-8.00
1121	0	0	40	60	53.67	-2.37	10.89
1122	0	20	40	60	50.31	2.86	8.82
1123	0	40	40	60	47.13	7.92	6.93
1124	0	70	40	60	42.71	15.19	5.02
1125	0	100	40	60	39.58	20.50	4.39
1126	20	0	40	60	50.85	-5.33	6.98
1127	20	20	40	60	47.50	-0.48	5.32
1128	20	40	40	60	44.49	4.63	3.78
1129	20	70	40	60	40.36	11.57	2.36
1130	20	100	40	60	37.60	16.30	1.96
1131	40	0	40	60	48.06	-8.13	3.06
1132	40	20	40	60	45.13	-3.46	2.08
1133	40	40	40	60	42.24	1.43	0.97
1134	40	70	40	60	38.39	8.11	-0.01
1135	40	100	40	60	35.83	12.55	-0.23
1136	70	0	40	60	43.96	-12.09	-2.47
1137	70	20	40	60	41.44	-7.63	-2.54
1138	70	40	40	60	38.89	-3.01	-3.09
1139	70	70	40	60	35.47	3.11	-3.31
1140	70	100	40	60	33.27	7.13	-3.30
1141	100	0	40	60	40.67	-15.06	-6.45
1142	100	20	40	60	38.26	-10.76	-6.31
1143	100	40	40	60	36.00	-6.58	-6.39
1144	100	70	40	60	32.99	-0.79	-6.14
1145	100	100	40	60	31.18	2.77	-5.53
1146	0	0	70	60	52.14	-4.02	19.22
1147	0	20	70	60	48.58	1.36	15.54
1148	0	40	70	60	45.92	6.11	13.11
1149	0	70	70	60	41.72	13.32	9.54
1150	0	100	70	60	38.88	18.52	7.71
1151	20	0	70	60	49.31	-7.09	14.85
1152	20	20	70	60	46.08	-2.15	12.30
1153	20	40	70	60	43.31	2.78	9.97
1154	20	70	70	60	39.41	9.75	7.02
1155	20	100	70	60	36.90	14.36	5.43
1156	40	0	70	60	46.83	-9.99	11.14
1157	40	20	70	60	43.85	-5.24	9.17
1158	40	40	70	60	41.16	-0.46	7.23
1159	40	70	70	60	37.47	6.32	4.75
1160	40	100	70	60	35.11	10.70	3.39
1161	70	0	70	60	42.87	-14.21	5.50
1162	70	20	70	60	40.39	-9.61	4.55
1163	70	40	70	60	37.90	-4.99	3.18
1164	70	70	70	60	34.58	1.26	1.51
1165	70	100	70	60	32.47	5.35	0.57
1166	100	0	70	60	39.82	-17.27	1.52
1167	100	20	70	60	37.42	-12.79	0.90
1168	100	40	70	60	35.26	-8.75	0.04
1169	100	70	70	60	32.17	-2.75	-1.00
1170	100	100	70	60	30.28	1.14	-1.31
1171	0	0	100	60	50.27	-4.81	25.37
1172	0	20	100	60	47.18	0.58	21.20
1173	0	40	100	60	44.71	5.36	18.18
1174	0	70	100	60	40.81	12.48	13.42
1175	0	100	100	60	38.09	17.26	10.39
1176	20	0	100	60	47.70	-8.20	20.74
1177	20	20	100	60	44.83	-3.02	17.55
1178	20	40	100	60	42.23	1.96	14.68
1179	20	70	100	60	38.49	8.55	10.51
1180	20	100	100	60	36.17	12.96	7.95
1181	40	0	100	60	45.58	-10.87	17.29
1182	40	20	100	60	42.72	-6.07	14.36
1183	40	40	100	60	40.15	-1.36	11.80
1184	40	70	100	60	36.68	5.34	8.32
1185	40	100	100	60	34.53	9.66	6.11
1186	70	0	100	60	41.90	-15.22	11.47
1187	70	20	100	60	39.46	-10.58	9.57
1188	70	40	100	60	37.18	-6.23	7.75
1189	70	70	100	60	33.90	0.15	5.13
1190	70	100	100	60	31.89	4.26	3.51
1191	100	0	100	60	39.07	-18.35	7.68
1192	100	20	100	60	36.75	-13.94	6.04
1193	100	40	100	60	34.63	-9.92	4.47
1194	100	70	100	60	31.55	-3.82	2.74
1195	100	100	100	60	29.61	0.19	2.03
1196	0	0	0	80	42.12	0.81	0.50
1197	0	40	0	80	39.38	6.31	0.66
1198	0	70	0	80	37.25	9.82	1.30
1199	0	100	0	80	34.97	13.44	1.96
1200	40	0	0	80	39.68	-1.85	-3.98
1201	40	40	0	80	36.65	2.92	-2.86
1202	40	70	0	80	34.61	6.22	-1.90
1203	40	100	0	80	32.65	9.47	-0.82
1204	70	0	0	80	37.23	-3.88	-7.09
1205	70	40	0	80	34.56	0.89	-5.40
1206	70	70	0	80	32.69	3.84	-4.28
1207	70	100	0	80	30.96	6.64	-2.99
1208	100	0	0	80	34.89	-5.82	-9.94
1209	100	40	0	80	32.34	-1.24	-8.00
1210	100	70	0	80	30.81	1.49	-6.52
1211	100	100	0	80	29.45	4.02	-4.83
1212	0	0	40	80	41.62	-1.82	5.76
1213	0	40	40	80	38.44	3.38	4.04
1214	0	70	40	80	36.52	6.79	3.71
1215	0	100	40	80	34.55	10.30	3.73
1216	40	0	40	80	38.70	-4.37	1.19
1217	40	40	40	80	36.10	0.91	0.97
1218	40	70	40	80	34.00	3.99	0.85
1219	40	100	40	80	32.28	7.06	1.01
1220	70	0	40	80	36.66	-6.18	-1.58
1221	70	40	40	80	33.86	-1.77	-1.73
1222	70	70	40	80	31.82	2.11	-1.58
1223	70	100	40	80	30.62	4.59	-0.70
1224	100	0	40	80	34.46	-8.21	-4.25
1225	100	40	40	80	31.99	-3.55	-3.61
1226	100	70	40	80	30.35	-0.50	-2.98
1227	100	100	40	80	29.02	2.00	-2.26
1228	0	0	70	80	40.39	-3.29	8.84
1229	0	40	70	80	37.50	1.72	6.33
1230	0	70	70	80	35.58	5.22	5.43
1231	0	100	70	80	33.75	8.61	4.70
1232	40	0	70	80	37.81	-5.84	4.57
1233	40	40	70	80	35.24	-0.96	3.49
1234	40	70	70	80	33.25	2.50	2.99
1235	40	100	70	80	31.74	5.46	2.42
1236	70	0	70	80	35.90	-7.65	1.97
1237	70	40	70	80	33.42	-3.48	1.94
1238	70	70	70	80	31.38	0.56	1.32
1239	70	100	70	80	30.14	3.46	1.03
1240	100	0	70	80	33.99	-9.48	-0.60
1241	100	40	70	80	31.66	-5.00	-0.57
1242	100	70	70	80	29.83	-1.75	-0.39
1243	100	100	70	80	28.62	0.97	-0.34
1244	0	0	100	80	39.05	-4.32	12.39
1245	0	40	100	80	36.33	1.02	8.96
1246	0	70	100	80	34.64	4.18	7.49
1247	0	100	100	80	32.98	7.47	6.08
1248	40	0	100	80	36.89	-6.76	8.30
1249	40	40	100	80	34.50	-2.00	6.34
1250	40	70	100	80	32.72	1.40	5.11
1251	40	100	100	80	31.30	4.48	4.03
1252	70	0	100	80	35.11	-8.69	5.51
1253	70	40	100	80	32.89	-3.98	4.31
1254	70	70	100	80	31.18	-0.51	3.68
1255	70	100	100	80	29.79	2.24	2.71
1256	100	0	100	80	33.45	-10.50	3.34
1257	100	40	100	80	31.19	-5.94	2.19
1258	100	70	100	80	29.60	-2.79	1.94
1259	100	100	100	80	28.23	0.00	1.70
1260	0	0	0	100	32.00	1.00	1.00
1261	0	40	0	100	31.78	2.52	1.96
1262	0	100	0	100	30.71	5.31	3.57
1263	40	0	0	100	31.26	0.22	-1.10
1264	40	40	0	100	30.57	1.71	0.30
1265	40	100	0	100	29.20	4.31	2.05
1266	100	0	0	100	29.37	-1.07	-4.50
1267	100	40	0	100	28.45	0.50	-2.72
1268	100	100	0	100	26.97	2.97	-0.46
1269	0	0	40	100	31.78	-1.02	1.79
1270	0	40	40	100	31.37	0.30	2.05
1271	0	100	40	100	30.24	3.04	3.38
1272	40	0	40	100	30.96	-1.50	-0.11
1273	40	40	40	100	30.44	-0.18	0.57
1274	40	100	40	100	29.06	2.33	2.25
1275	100	0	40	100	29.26	-2.52	-2.92
1276	100	40	40	100	28.44	-0.92	-1.48
1277	100	100	40	100	27.04	1.50	0.29
1278	0	0	100	100	30.54	-3.61	2.96
1279	0	40	100	100	29.93	-2.14	2.70
1280	0	100	100	100	29.02	0.44	3.03
1281	40	0	100	100	29.89	-3.78	1.38
1282	40	40	100	100	29.30	-2.36	1.63
1283	40	100	100	100	28.30	0.12	2.19
1284	100	0	100	100	28.84	-4.34	-0.71
1285	100	40	100	100	28.16	-2.67	0.09
1286	100	100	100	100	27.08	-0.19	1.07
1287	100	0	0	0	60.00	-26.00	-44.00
1288	98	0	0	0	60.30	-25.87	-43.65
1289	95	0	0	0	60.84	-25.55	-43.04
1290	90	0	0	0	62.10	-24.80	-41.61
1291	85	0	0	0	63.45	-24.01	-40.08
1292	80	0	0	0	65.10	-23.03	-38.22
1293	75	0	0	0	66.78	-21.96	-36.31
1294	70	0	0	0	68.54	-20.75	-34.30
1295	60	0	0	0	72.14	-18.23	-30.21
1296	50	0	0	0	75.79	-15.53	-26.04
1297	40	0	0	0	79.38	-12.59	-21.93
1298	30	0	0	0	83.08	-9.52	-17.69
1299	25	0	0	0	84.96	-7.95	-15.51
1300	20	0	0	0	86.90	-6.25	-13.28
1301	15	0	0	0	88.79	-4.57	-11.11
1302	10	0	0	0	90.81	-2.77	-8.79
1303	7	0	0	0	92.03	-1.68	-7.39
1304	5	0	0	0	92.86	-0.93	-6.43
1305	3	0	0	0	93.70	-0.16	-5.45
1306	2	0	0	0	94.13	0.21	-4.96
1307	0	100	0	0	56.00	61.00	-2.00
1308	0	98	0	0	56.26	60.59	-2.10
1309	0	95	0	0	56.75	59.75	-2.27
1310	0	90	0	0	57.89	57.82	-2.68
1311	0	85	0	0	59.17	55.64	-3.13
1312	0	80	0	0	60.74	52.98	-3.64
1313	0	75	0	0	62.40	50.20	-4.11
1314	0	70	0	0	64.17	47.28	-4.53
1315	0	60	0	0	67.93	41.21	-5.19
1316	0	50	0	0	71.97	34.86	-5.55
1317	0	40	0	0	76.13	28.52	-5.59
1318	0	30	0	0	80.45	22.09	-5.43
1319	0	25	0	0	82.70	18.79	-5.30
1320	0	20	0	0	85.06	15.35	-5.08
1321	0	15	0	0	87.37	11.98	-4.85
1322	0	10	0	0	89.76	8.54	-4.59
1323	0	7	0	0	91.31	6.30	-4.41
1324	0	5	0	0	92.36	4.79	-4.29
1325	0	3	0	0	93.40	3.29	-4.15
1326	0	2	0	0	93.92	2.54	-4.09
1327	0	0	100	0	89.00	-3.00	76.00
1328	0	0	98	0	89.06	-3.09	75.32
1329	0	0	95	0	89.16	-3.20	74.05
1330	0	0	90	0	89.38	-3.45	71.20
1331	0	0	85	0	89.62	-3.69	68.04
1332	0	0	80	0	89.90	-3.94	64.29
1333	0	0	75	0	90.19	-4.14	60.43
1334	0	0	70	0	90.49	-4.30	56.40
1335	0	0	60	0	91.11	-4.34	48.18
1336	0	0	50	0	91.73	-4.10	39.82
1337	0	0	40	0	92.35	-3.49	31.38
1338	0	0	30	0	92.97	-2.67	23.05
1339	0	0	25	0	93.29	-2.18	18.80
1340	0	0	20	0	93.61	-1.62	14.34
1341	0	0	15	0	93.94	-1.03	9.98
1342	0	0	10	0	94.26	-0.41	5.59
1343	0	0	7	0	94.48	0.00	2.74
1344	0	0	5	0	94.63	0.28	0.83
1345	0	0	3	0	94.77	0.56	-1.05
1346	0	0	2	0	94.84	0.70	-1.99
1347	0	0	0	100	32.00	1.00	1.00
1348	0	0	0	98	32.61	0.95	0.96
1349	0	0	0	95	33.72	0.95	0.90
1350	0	0	0	90	36.22	0.91	0.78
1351	0	0	0	85	38.99	0.86	0.65
1352	0	0	0	80	42.12	0.81	0.50
1353	0	0	0	75	45.36	0.78	0.33
1354	0	0	0	70	48.60	0.75	0.13
1355	0	0	0	60	55.02	0.73	-0.30
1356	0	0	0	50	61.36	0.70	-0.75
1357	0	0	0	40	67.58	0.73	-1.24
1358	0	0	0	30	73.91	0.77	-1.82
1359	0	0	0	25	77.17	0.77	-2.14
1360	0	0	0	20	80.57	0.81	-2.48
1361	0	0	0	15	83.96	0.85	-2.82
1362	0	0	0	10	87.44	0.89	-3.18
1363	0	0	0	7	89.67	0.92	-3.42
1364	0	0	0	5	91.17	0.94	-3.57
1365	0	0	0	3	92.76	0.96	-3.73
1366	0	0	0	2	93.46	0.97	-3.80
1367	0	0	0	0	95.00	1.00	-4.00
1368	100	85	85	0	36.27	-3.45	-1.22
1369	80	65	65	0	43.87	-2.67	-2.37
1370	60	45	45	0	54.75	-1.71	-3.42
1371	40	27	27	0	67.19	-1.33	-4.37
1372	20	12	12	0	80.68	-0.64	-4.93
1373	10	6	6	0	87.64	0.23	-4.41
1374	5	3	3	0	91.26	0.69	-4.21
1375	40	27	27	10	63.16	-1.24	-3.86
1376	20	12	12	10	75.25	-0.65	-4.36
1377	10	6	6	10	81.48	0.13	-3.80
1378	60	45	45	20	49.39	-1.18	-2.30
1379	40	27	27	20	59.26	-1.13	-3.30
1380	20	12	12	20	69.92	-0.60	-3.65
1381	10	6	6	20	75.39	0.10	-3.12
1382	80	65	65	40	37.33	-1.43	-0.70
1383	60	45	45	40	44.29	-1.13	-1.50
1384	40	27	27	40	51.84	-0.97	-2.36
1385	20	12	12	40	59.70	-0.48	-2.43
1386	10	6	6	40	63.64	0.08	-1.89
1387	100	85	85	60	30.62	-0.93	0.93
1388	80	65	65	60	34.26	-0.98	-0.14
1389	60	45	45	60	39.25	-0.82	-0.81
1390	40	27	27	60	44.53	-0.67	-1.45
1391	20	12	12	60	49.90	-0.27	-1.34
1392	10	6	6	60	52.53	0.18	-0.89
1393	100	85	85	80	28.93	-0.64	1.04
1394	80	65	65	80	31.11	-0.68	0.27
1395	60	45	45	80	34.15	-0.60	-0.30
1396	40	27	27	80	37.26	-0.38	-0.57
1397	20	12	12	80	39.96	0.13	-0.31
1398	10	6	6	80	41.49	0.39	-0.04
1399	100	85	85	100	27.31	-0.42	0.82
1400	80	65	65	100	28.41	-0.48	0.47
1401	60	45	45	100	29.69	-0.34	0.16
1402	40	27	27	100	30.76	-0.01	0.24
1403	20	12	12	100	31.56	0.46	0.48
1404	10	6	6	100	31.89	0.65	0.68
1405	100	0	0	70	38.33	-8.73	-13.44
1406	0	100	0	70	37.67	18.60	1.02
1407	0	0	100	70	44.52	-4.71	18.50
1408	100	100	0	70	30.99	4.69	-7.66
1409	100	0	100	70	36.33	-14.38	5.71
1410	0	100	100	70	35.53	12.05	8.09
1411	40	40	0	70	40.32	3.74	-4.95
1412	40	0	40	70	43.47	-6.18	2.07
1413	0	40	40	70	42.93	5.52	5.45
1414	3	3	0	0	92.15	2.10	-5.61
1415	3	0	3	0	93.49	-0.61	-2.55
1416	0	3	3	0	93.18	2.88	-1.46
1417	3	3	3	0	92.11	1.49	-3.23
1418	3	0	0	3	91.52	-0.14	-5.17
1419	0	3	0	3	91.27	3.08	-3.92
1420	3	3	0	3	90.08	1.94	-5.33
1421	0	0	3	3	92.55	0.55	-1.06
1422	3	0	3	3	91.32	-0.59	-2.51
1423	0	3	3	3	91.09	2.68	-1.47
1424	3	3	3	3	90.18	1.35	-3.18
1425	7	7	0	0	88.54	3.46	-7.67
1426	7	0	7	0	91.53	-2.74	-0.80
1427	0	7	7	0	90.82	5.37	1.68
1428	7	7	7	0	88.34	2.07	-2.23
1429	7	0	0	7	86.96	-1.46	-6.59
1430	0	7	0	7	86.36	5.68	-3.83
1431	7	7	0	7	83.84	3.11	-6.87
1432	0	0	7	7	89.19	-0.01	2.52
1433	7	0	7	7	86.52	-2.54	-0.72
1434	0	7	7	7	85.93	4.80	1.53
1435	7	7	7	7	84.01	1.82	-2.02
1436	40	3	0	0	78.14	-10.72	-21.82
1437	3	40	0	0	75.18	26.99	-6.85
1438	40	0	3	0	79.15	-13.23	-19.30
1439	40	3	3	0	77.92	-11.39	-19.48
1440	0	40	3	0	75.97	28.21	-3.74
1441	3	40	3	0	74.89	26.88	-5.07
1442	40	40	3	0	64.21	9.74	-19.00
1443	3	0	40	0	91.03	-4.81	29.54
1444	0	3	40	0	90.78	-1.11	30.11
1445	3	3	40	0	89.53	-2.54	28.51
1446	40	3	40	0	75.24	-17.61	8.76
1447	3	40	40	0	72.91	23.42	16.50
1448	40	0	0	3	77.72	-12.18	-21.13
1449	40	3	0	3	76.57	-10.44	-21.04
1450	0	40	0	3	74.61	27.51	-5.33
1451	3	40	0	3	73.69	26.06	-6.55
1452	40	40	0	3	63.36	9.75	-20.03
1453	40	0	3	3	77.50	-12.80	-18.69
1454	40	3	3	3	76.39	-11.09	-18.86
1455	0	40	3	3	74.45	27.22	-3.65
1456	3	40	3	3	73.44	25.96	-4.94
1457	40	40	3	3	63.08	9.43	-18.43
1458	0	0	40	3	90.15	-3.45	30.11
1459	3	0	40	3	88.89	-4.71	28.36
1460	40	0	40	3	74.87	-18.95	8.96
1461	0	3	40	3	88.70	-1.26	28.95
1462	3	3	40	3	87.54	-2.63	27.43
1463	40	3	40	3	73.76	-17.19	8.42
1464	0	40	40	3	72.51	23.95	17.18
1465	3	40	40	3	71.47	22.51	15.89
1466	40	40	40	3	60.71	4.60	1.40
1467	3	0	0	40	66.87	0.09	-2.21
1468	0	3	0	40	66.77	1.95	-1.33
1469	3	3	0	40	66.08	1.29	-2.23
1470	40	3	0	40	58.48	-6.26	-12.13
1471	3	40	0	40	56.97	15.53	-3.05
1472	0	0	3	40	67.47	0.41	0.21
1473	3	0	3	40	66.74	-0.25	-0.74
1474	40	0	3	40	59.02	-7.75	-10.80
1475	0	3	3	40	66.61	1.69	-0.05
1476	3	3	3	40	66.15	0.90	-1.12
1477	40	3	3	40	58.33	-6.68	-10.85
1478	0	40	3	40	57.41	16.11	-1.31
1479	3	40	3	40	56.76	15.44	-2.13
1480	40	40	3	40	50.22	6.10	-10.56
1481	3	0	40	40	65.06	-3.57	15.96
1482	0	3	40	40	64.95	-1.52	16.39
1483	3	3	40	40	64.29	-2.34	15.52
1484	40	3	40	40	56.46	-10.80	4.82
1485	3	40	40	40	54.97	12.29	9.51
1486	0	0	0	10	87.44	0.89	-3.18
1487	0	0	10	10	86.78	-0.40	4.93
1488	0	0	20	10	86.19	-1.54	12.59
1489	0	0	40	10	85.01	-3.35	27.36
1490	0	0	70	10	83.13	-4.37	49.09
1491	0	10	0	10	82.94	7.45	-3.73
1492	0	10	10	10	82.30	6.26	3.48
1493	0	10	20	10	81.67	5.18	10.47
1494	0	10	40	10	80.56	3.41	24.02
1495	0	10	70	10	78.87	2.27	44.23
1496	0	20	0	10	78.79	13.59	-4.20
1497	0	20	10	10	78.13	12.48	2.39
1498	0	20	20	10	77.54	11.45	8.67
1499	0	20	40	10	76.40	9.90	20.92
1500	0	20	70	10	74.67	8.80	39.33
1501	0	40	0	10	70.98	25.26	-4.71
1502	0	40	10	10	70.40	24.19	0.63
1503	0	40	20	10	69.90	23.25	5.80
1504	0	40	40	10	68.89	21.75	15.74
1505	0	40	70	10	67.31	20.61	31.16
1506	0	70	0	10	60.34	41.90	-3.87
1507	0	70	10	10	59.96	40.81	-0.16
1508	0	70	20	10	59.61	39.83	3.50
1509	0	70	40	10	58.91	38.27	10.54
1510	0	70	70	10	57.75	36.90	21.75
1511	10	0	0	10	83.79	-2.40	-7.52
1512	10	0	10	10	83.11	-3.88	0.40
1513	10	0	20	10	82.45	-5.13	7.81
1514	10	0	40	10	81.30	-7.18	22.20
1515	10	0	70	10	79.54	-8.42	43.57
1516	10	10	0	10	79.55	3.85	-7.85
1517	10	10	10	10	79.60	2.05	-1.45
1518	10	10	20	10	78.92	0.76	5.77
1519	10	10	40	10	77.51	-1.15	19.65
1520	10	10	70	10	75.46	-2.32	39.39
1521	10	20	0	10	75.57	9.74	-8.16
1522	10	20	10	10	75.39	8.38	-2.37
1523	10	20	20	10	74.77	7.12	4.13
1524	10	20	40	10	73.43	5.25	16.75
1525	10	20	70	10	71.50	3.94	34.95
1526	10	40	0	10	68.21	20.93	-8.39
1527	10	40	10	10	67.55	20.24	-3.57
1528	10	40	20	10	67.00	19.08	1.65
1529	10	40	40	10	65.94	17.26	11.83
1530	10	40	70	10	64.31	15.69	27.18
1531	10	70	0	10	58.13	36.82	-7.19
1532	10	70	10	10	57.47	36.29	-3.64
1533	10	70	20	10	57.09	35.21	-0.03
1534	10	70	40	10	56.31	33.41	7.10
1535	10	70	70	10	55.08	31.78	18.30
1536	20	0	0	10	80.37	-5.54	-11.56
1537	20	0	10	10	79.64	-7.17	-3.83
1538	20	0	20	10	78.96	-8.55	3.34
1539	20	0	40	10	77.70	-10.91	17.20
1540	20	0	70	10	75.77	-12.60	37.66
1541	20	10	0	10	76.31	0.44	-11.73
1542	20	10	10	10	76.23	-1.63	-5.62
1543	20	10	20	10	75.54	-3.04	1.43
1544	20	10	40	10	74.08	-5.20	14.88
1545	20	10	70	10	72.02	-6.66	34.11
1546	20	20	0	10	72.55	6.08	-11.91
1547	20	20	10	10	72.23	4.46	-6.37
1548	20	20	20	10	71.63	3.05	-0.01
1549	20	20	40	10	70.31	0.82	12.41
1550	20	20	70	10	68.36	-0.78	30.42
1551	20	40	0	10	65.53	16.68	-11.91
1552	20	40	10	10	64.83	15.79	-7.20
1553	20	40	20	10	64.24	14.63	-2.15
1554	20	40	40	10	63.14	12.54	8.00
1555	20	40	70	10	61.44	10.72	23.21
1556	20	70	0	10	55.96	31.83	-10.42
1557	20	70	10	10	55.29	31.21	-6.89
1558	20	70	20	10	54.74	30.37	-3.43
1559	20	70	40	10	53.90	28.38	3.76
1560	20	70	70	10	52.57	26.46	14.90
1561	40	0	0	10	73.81	-11.22	-19.25
1562	40	0	10	10	73.09	-13.09	-11.88
1563	40	0	20	10	72.44	-14.80	-4.89
1564	40	0	40	10	71.14	-17.65	8.21
1565	40	0	70	10	69.14	-20.00	27.45
1566	40	10	0	10	70.20	-5.73	-19.09
1567	40	10	10	10	69.92	-7.81	-12.92
1568	40	10	20	10	69.26	-9.51	-6.23
1569	40	10	40	10	67.94	-12.30	6.55
1570	40	10	70	10	65.86	-14.43	24.76
1571	40	20	0	10	66.80	-0.53	-19.00
1572	40	20	10	10	66.42	-2.35	-13.27
1573	40	20	20	10	65.92	-4.05	-7.31
1574	40	20	40	10	64.62	-6.72	4.73
1575	40	20	70	10	62.61	-8.93	21.83
1576	40	40	0	10	60.57	9.07	-18.38
1577	40	40	10	10	59.92	7.97	-13.59
1578	40	40	20	10	59.35	6.65	-8.58
1579	40	40	40	10	58.28	4.17	1.36
1580	40	40	70	10	56.44	1.87	16.15
1581	40	70	0	10	51.95	22.88	-16.28
1582	40	70	10	10	51.28	22.13	-12.65
1583	40	70	20	10	50.73	21.19	-9.13
1584	40	70	40	10	49.77	19.15	-1.95
1585	40	70	70	10	48.31	16.75	9.04
1586	70	0	0	10	64.23	-18.59	-30.23
1587	70	0	10	10	63.57	-20.95	-23.10
1588	70	0	20	10	62.92	-23.04	-16.51
1589	70	0	40	10	61.70	-26.63	-4.10
1590	70	0	70	10	59.80	-30.03	13.32
1591	70	10	0	10	61.26	-13.89	-29.45
1592	70	10	10	10	60.97	-16.13	-23.09
1593	70	10	20	10	60.34	-18.16	-16.81
1594	70	10	40	10	59.14	-21.64	-4.88
1595	70	10	70	10	57.25	-24.96	11.96
1596	70	20	0	10	58.47	-9.50	-28.74
1597	70	20	10	10	58.12	-11.46	-22.86
1598	70	20	20	10	57.71	-13.38	-17.13
1599	70	20	40	10	56.53	-16.70	-5.82
1600	70	20	70	10	54.66	-19.92	10.26
1601	70	40	0	10	53.33	-1.30	-27.18
1602	70	40	10	10	52.84	-2.68	-22.20
1603	70	40	20	10	52.35	-4.16	-17.34
1604	70	40	40	10	51.30	-7.07	-7.75
1605	70	40	70	10	49.54	-10.07	6.56
1606	70	70	0	10	46.15	10.48	-24.20
1607	70	70	10	10	45.59	9.67	-20.41
1608	70	70	20	10	45.10	8.63	-16.75
1609	70	70	40	10	44.14	6.31	-9.43
1610	70	70	70	10	42.60	3.41	1.50
1611	50	40	40	0	59.13	0.46	-2.02
1612	100	0	0	10	56.73	-23.53	-38.62
1613	0	100	0	10	53.08	53.79	-1.79
1614	0	0	100	10	81.40	-3.61	65.69
1615	0	100	100	10	51.05	47.90	24.30
1616	100	0	100	10	51.43	-38.48	13.93
1617	100	100	0	10	37.31	8.96	-26.98
END_DATA							
