ISO28178
ORIGINATOR "ISO TC130"
FILE_DESCRIPTOR "ISO15339-CRPC1"
# ISO/PAS 15339-2 Characterized Reference Printing Condition 1, Typical ColdsetNews
CREATED "2012-12-01"
MEASUREMENT_GEOMETRY "ISO 13655 - Reflection, M1"
FILTER "D50"
SAMPLE_BACKING "White"
# Reference White Point (LAB) = 85.00 1.00 5.00
# Reference Black Point (LAB) = 31.75 0.09 0.80 
NUMBER_OF_FIELDS 8
BEGIN_DATA_FORMAT
SAMPLE_ID	CMYK_C	CMYK_M	CMYK_Y	CMYK_K	LAB_L	LAB_A	LAB_B
END_DATA_FORMAT
NUMBER_OF_SETS 1617
BEGIN_DATA
1	0	0	0	0	85.00	1.00	5.00
2	0	10	0	0	79.97	8.74	3.38
3	0	20	0	0	75.59	15.53	2.01
4	0	30	0	0	71.53	21.84	0.82
5	0	40	0	0	68.10	27.25	0.00
6	0	55	0	0	63.55	34.60	-0.82
7	0	70	0	0	60.11	40.39	-0.85
8	0	85	0	0	57.57	44.91	-0.37
9	0	100	0	0	56.00	48.00	0.00
10	10	0	0	0	80.88	-3.20	-0.12
11	10	10	0	0	76.27	4.16	-1.32
12	10	20	0	0	72.23	10.64	-2.36
13	10	30	0	0	68.46	16.67	-3.24
14	10	40	0	0	65.27	21.79	-3.85
15	10	55	0	0	61.00	28.90	-4.34
16	10	70	0	0	57.79	34.36	-4.27
17	10	85	0	0	55.40	38.59	-3.75
18	10	100	0	0	53.81	41.54	-3.09
19	20	0	0	0	77.24	-6.87	-4.65
20	20	10	0	0	72.94	0.10	-5.55
21	20	20	0	0	69.16	6.30	-6.32
22	20	30	0	0	65.66	12.04	-6.93
23	20	40	0	0	62.72	16.94	-7.29
24	20	55	0	0	58.76	23.75	-7.54
25	20	70	0	0	55.73	28.95	-7.38
26	20	85	0	0	53.45	32.89	-6.88
27	20	100	0	0	51.90	35.68	-6.24
28	30	0	0	0	73.78	-10.35	-8.91
29	30	10	0	0	69.82	-3.67	-9.46
30	30	20	0	0	66.30	2.27	-9.96
31	30	30	0	0	63.05	7.76	-10.32
32	30	40	0	0	60.29	12.45	-10.50
33	30	55	0	0	56.60	18.92	-10.54
34	30	70	0	0	53.76	23.85	-10.28
35	30	85	0	0	51.60	27.66	-9.77
36	30	100	0	0	50.10	30.29	-9.21
37	40	0	0	0	70.69	-13.36	-12.59
38	40	10	0	0	66.99	-6.94	-12.89
39	40	20	0	0	63.73	-1.28	-13.14
40	40	30	0	0	60.70	3.98	-13.29
41	40	40	0	0	58.13	8.43	-13.32
42	40	55	0	0	54.65	14.54	-13.23
43	40	70	0	0	51.97	19.24	-12.88
44	40	85	0	0	49.93	22.86	-12.35
45	40	100	0	0	48.50	25.42	-11.83
46	55	0	0	0	66.58	-17.31	-17.45
47	55	10	0	0	63.20	-11.30	-17.33
48	55	20	0	0	60.25	-5.97	-17.27
49	55	30	0	0	57.52	-1.06	-17.14
50	55	40	0	0	55.26	3.00	-16.96
51	55	55	0	0	52.05	8.79	-16.60
52	55	70	0	0	49.59	13.18	-16.20
53	55	85	0	0	47.71	16.52	-15.71
54	55	100	0	0	46.37	18.89	-15.30
55	70	0	0	0	63.23	-20.30	-21.18
56	70	10	0	0	60.15	-14.64	-20.77
57	70	20	0	0	57.47	-9.61	-20.39
58	70	30	0	0	54.97	-4.95	-20.04
59	70	40	0	0	52.82	-0.93	-19.71
60	70	55	0	0	49.92	4.41	-19.17
61	70	70	0	0	47.66	8.50	-18.72
62	70	85	0	0	45.92	11.58	-18.29
63	70	100	0	0	44.72	13.70	-17.96
64	85	0	0	0	60.53	-22.60	-24.02
65	85	10	0	0	57.63	-17.15	-23.36
66	85	20	0	0	55.14	-12.38	-22.78
67	85	30	0	0	52.82	-7.93	-22.25
68	85	40	0	0	50.83	-4.14	-21.78
69	85	55	0	0	48.14	0.90	-21.11
70	85	70	0	0	46.05	4.70	-20.66
71	85	85	0	0	44.44	7.54	-20.34
72	85	100	0	0	43.24	9.59	-20.22
73	100	0	0	0	59.00	-24.00	-26.00
74	100	10	0	0	55.94	-18.74	-25.04
75	100	20	0	0	53.50	-14.12	-24.30
76	100	30	0	0	51.30	-9.84	-23.66
77	100	40	0	0	49.52	-6.46	-23.12
78	100	55	0	0	46.93	-1.55	-22.35
79	100	70	0	0	44.96	2.10	-21.91
80	100	85	0	0	43.37	4.86	-21.75
81	100	100	0	0	42.00	7.00	-22.00
82	0	0	10	0	84.11	0.23	13.59
83	0	10	10	0	79.24	7.86	11.20
84	0	20	10	0	74.97	14.59	9.16
85	0	30	10	0	71.01	20.89	7.45
86	0	40	10	0	67.66	26.25	6.11
87	0	55	10	0	63.15	33.66	4.58
88	0	70	10	0	59.78	39.43	3.93
89	0	85	10	0	57.27	43.96	3.98
90	0	100	10	0	55.64	47.13	4.38
91	10	0	10	0	80.04	-4.09	8.19
92	10	10	10	0	76.35	2.49	6.06
93	10	20	10	0	72.32	9.05	4.38
94	10	30	10	0	68.46	15.27	2.93
95	10	40	10	0	64.91	21.05	1.74
96	10	55	10	0	60.53	28.42	0.59
97	10	70	10	0	57.23	34.08	0.18
98	10	85	10	0	54.95	38.18	0.32
99	10	100	10	0	53.48	40.94	0.71
100	20	0	10	0	76.40	-7.93	3.34
101	20	10	10	0	72.87	-1.79	1.38
102	20	20	10	0	69.14	4.47	0.02
103	20	30	10	0	65.60	10.43	-1.14
104	20	40	10	0	62.33	15.98	-2.07
105	20	55	10	0	58.27	23.08	-2.90
106	20	70	10	0	55.16	28.52	-3.18
107	20	85	10	0	52.96	32.43	-3.02
108	20	100	10	0	51.52	35.05	-2.64
109	30	0	10	0	73.02	-11.55	-1.05
110	30	10	10	0	69.75	-5.49	-2.64
111	30	20	10	0	66.29	0.53	-3.73
112	30	30	10	0	63.05	6.16	-4.67
113	30	40	10	0	60.01	11.48	-5.39
114	30	55	10	0	56.19	18.24	-6.04
115	30	70	10	0	53.24	23.45	-6.20
116	30	85	10	0	51.13	27.23	-6.01
117	30	100	10	0	49.71	29.75	-5.66
118	40	0	10	0	69.96	-14.71	-4.90
119	40	10	10	0	66.87	-8.77	-6.16
120	40	20	10	0	63.67	-3.00	-7.04
121	40	30	10	0	60.66	2.41	-7.75
122	40	40	10	0	57.88	7.43	-8.32
123	40	55	10	0	54.29	13.87	-8.83
124	40	70	10	0	51.50	18.86	-8.90
125	40	85	10	0	49.47	22.48	-8.68
126	40	100	10	0	48.11	24.93	-8.33
127	55	0	10	0	65.81	-18.84	-10.01
128	55	10	10	0	62.93	-13.19	-10.91
129	55	20	10	0	60.07	-7.77	-11.44
130	55	30	10	0	57.38	-2.70	-11.86
131	55	40	10	0	54.92	1.93	-12.21
132	55	55	10	0	51.68	7.99	-12.47
133	55	70	10	0	49.13	12.68	-12.42
134	55	85	10	0	47.25	16.07	-12.19
135	55	100	10	0	45.98	18.32	-11.91
136	70	0	10	0	62.48	-22.01	-13.88
137	70	10	10	0	59.70	-16.66	-14.50
138	70	20	10	0	57.11	-11.57	-14.75
139	70	30	10	0	54.67	-6.78	-14.95
140	70	40	10	0	52.44	-2.42	-15.12
141	70	55	10	0	49.50	3.24	-15.20
142	70	70	10	0	47.14	7.69	-15.10
143	70	85	10	0	45.44	10.83	-14.87
144	70	100	10	0	44.30	12.90	-14.64
145	85	0	10	0	59.74	-24.44	-16.79
146	85	10	10	0	57.12	-19.27	-17.13
147	85	20	10	0	54.71	-14.39	-17.19
148	85	30	10	0	52.44	-9.83	-17.21
149	85	40	10	0	50.40	-5.73	-17.24
150	85	55	10	0	47.72	-0.42	-17.18
151	85	70	10	0	45.58	3.69	-17.04
152	85	85	10	0	44.01	6.60	-16.88
153	85	100	10	0	42.97	8.48	-16.73
154	100	0	10	0	57.87	-26.01	-18.64
155	100	10	10	0	55.40	-20.88	-18.80
156	100	20	10	0	53.06	-16.14	-18.73
157	100	30	10	0	50.91	-11.74	-18.63
158	100	40	10	0	49.02	-7.89	-18.55
159	100	55	10	0	46.51	-2.84	-18.39
160	100	70	10	0	44.53	1.02	-18.23
161	100	85	10	0	43.08	3.78	-18.12
162	100	100	10	0	42.01	5.64	-18.18
163	0	0	20	0	83.33	-0.42	21.23
164	0	10	20	0	78.59	7.12	18.24
165	0	20	20	0	74.39	13.86	15.66
166	0	30	20	0	70.51	20.12	13.44
167	0	40	20	0	67.22	25.44	11.56
168	0	55	20	0	62.81	32.84	9.43
169	0	70	20	0	59.48	38.63	8.26
170	0	85	20	0	57.00	43.20	7.84
171	0	100	20	0	55.36	46.37	7.96
172	10	0	20	0	79.34	-4.89	15.65
173	10	10	20	0	75.72	1.60	13.13
174	10	20	20	0	71.78	8.15	10.85
175	10	30	20	0	68.01	14.38	8.86
176	10	40	20	0	64.55	20.17	7.13
177	10	55	20	0	60.23	27.52	5.29
178	10	70	20	0	56.96	33.25	4.32
179	10	85	20	0	54.67	37.44	4.04
180	10	100	20	0	53.17	40.27	4.18
181	20	0	20	0	75.71	-8.90	10.61
182	20	10	20	0	72.27	-2.83	8.25
183	20	20	20	0	68.65	3.44	6.27
184	20	30	20	0	65.25	9.33	4.57
185	20	40	20	0	62.01	15.02	3.02
186	20	55	20	0	57.92	22.34	1.47
187	20	70	20	0	54.76	27.98	0.67
188	20	85	20	0	52.57	31.94	0.49
189	20	100	20	0	51.19	34.47	0.64
190	30	0	20	0	72.35	-12.64	6.06
191	30	10	20	0	69.18	-6.63	4.07
192	30	20	20	0	65.91	-0.68	2.33
193	30	30	20	0	62.75	4.98	0.88
194	30	40	20	0	59.75	10.44	-0.45
195	30	55	20	0	55.90	17.48	-1.80
196	30	70	20	0	52.88	22.92	-2.46
197	30	85	20	0	50.75	26.79	-2.58
198	30	100	20	0	49.37	29.25	-2.46
199	40	0	20	0	69.30	-15.93	2.02
200	40	10	20	0	66.33	-10.01	0.33
201	40	20	20	0	63.39	-4.38	-1.18
202	40	30	20	0	60.45	1.10	-2.42
203	40	40	20	0	57.66	6.32	-3.54
204	40	55	20	0	54.04	13.05	-4.72
205	40	70	20	0	51.17	18.30	-5.26
206	40	85	20	0	49.11	22.04	-5.32
207	40	100	20	0	47.76	24.46	-5.19
208	55	0	20	0	65.17	-20.25	-3.27
209	55	10	20	0	62.41	-14.61	-4.64
210	55	20	20	0	59.82	-9.37	-5.87
211	55	30	20	0	57.19	-4.20	-6.80
212	55	40	20	0	54.70	0.71	-7.66
213	55	55	20	0	51.43	7.04	-8.54
214	55	70	20	0	48.80	12.00	-8.93
215	55	85	20	0	46.88	15.53	-8.95
216	55	100	20	0	45.64	17.78	-8.85
217	70	0	20	0	61.85	-23.58	-7.26
218	70	10	20	0	59.18	-18.21	-8.41
219	70	20	20	0	56.77	-13.33	-9.45
220	70	30	20	0	54.40	-8.45	-10.15
221	70	40	20	0	52.15	-3.84	-10.80
222	70	55	20	0	49.21	2.07	-11.43
223	70	70	20	0	46.79	6.79	-11.74
224	70	85	20	0	45.07	10.05	-11.71
225	70	100	20	0	43.96	12.13	-11.60
226	85	0	20	0	59.09	-26.18	-10.25
227	85	10	20	0	56.57	-20.95	-11.15
228	85	20	20	0	54.32	-16.23	-11.98
229	85	30	20	0	52.12	-11.59	-12.51
230	85	40	20	0	50.07	-7.25	-13.01
231	85	55	20	0	47.39	-1.71	-13.48
232	85	70	20	0	45.23	2.65	-13.69
233	85	85	20	0	43.68	5.66	-13.68
234	85	100	20	0	42.71	7.54	-13.59
235	100	0	20	0	57.16	-27.86	-12.10
236	100	10	20	0	54.79	-22.69	-12.86
237	100	20	20	0	52.66	-18.02	-13.52
238	100	30	20	0	50.57	-13.53	-13.93
239	100	40	20	0	48.66	-9.43	-14.32
240	100	55	20	0	46.17	-4.15	-14.70
241	100	70	20	0	44.21	-0.05	-14.86
242	100	85	20	0	42.82	2.76	-14.85
243	100	100	20	0	41.93	4.47	-14.82
244	0	0	30	0	82.59	-0.98	28.50
245	0	10	30	0	77.95	6.50	24.95
246	0	20	30	0	73.83	13.20	21.87
247	0	30	30	0	70.01	19.43	19.09
248	0	40	30	0	66.78	24.73	16.79
249	0	55	30	0	62.45	32.12	13.99
250	0	70	30	0	59.18	37.91	12.31
251	0	85	30	0	56.73	42.45	11.52
252	0	100	30	0	55.10	45.70	11.27
253	10	0	30	0	78.64	-5.61	22.73
254	10	10	30	0	75.03	0.93	19.67
255	10	20	30	0	71.18	7.45	16.89
256	10	30	30	0	67.57	13.59	14.36
257	10	40	30	0	64.17	19.38	12.16
258	10	55	30	0	59.93	26.77	9.64
259	10	70	30	0	56.69	32.53	8.18
260	10	85	30	0	54.41	36.76	7.56
261	10	100	30	0	52.89	39.67	7.39
262	20	0	30	0	75.04	-9.74	17.51
263	20	10	30	0	71.64	-3.59	14.62
264	20	20	30	0	68.18	2.57	12.14
265	20	30	30	0	64.87	8.44	9.90
266	20	40	30	0	61.69	14.14	7.88
267	20	55	30	0	57.66	21.52	5.65
268	20	70	30	0	54.51	27.25	4.39
269	20	85	30	0	52.30	31.28	3.89
270	20	100	30	0	50.88	33.95	3.77
271	30	0	30	0	71.70	-13.62	12.77
272	30	10	30	0	68.64	-7.60	10.25
273	30	20	30	0	65.46	-1.67	8.04
274	30	30	30	0	62.40	4.01	6.04
275	30	40	30	0	59.46	9.50	4.26
276	30	55	30	0	55.66	16.66	2.23
277	30	70	30	0	52.58	22.32	1.09
278	30	85	30	0	50.42	26.32	0.68
279	30	100	30	0	49.06	28.77	0.56
280	40	0	30	0	68.67	-17.01	8.56
281	40	10	30	0	65.80	-11.12	6.35
282	40	20	30	0	62.96	-5.49	4.39
283	40	30	30	0	60.13	0.02	2.60
284	40	40	30	0	57.40	5.30	1.03
285	40	55	30	0	53.82	12.18	-0.82
286	40	70	30	0	50.89	17.67	-1.80
287	40	85	30	0	48.78	21.55	-2.15
288	40	100	30	0	47.44	23.98	-2.24
289	55	0	30	0	64.55	-21.50	3.07
290	55	10	30	0	61.91	-15.85	1.16
291	55	20	30	0	59.41	-10.60	-0.52
292	55	30	30	0	56.92	-5.43	-2.00
293	55	40	30	0	54.46	-0.42	-3.29
294	55	55	30	0	51.23	6.05	-4.79
295	55	70	30	0	48.53	11.28	-5.60
296	55	85	30	0	46.56	14.94	-5.86
297	55	100	30	0	45.31	17.24	-5.96
298	70	0	30	0	61.24	-24.98	-1.08
299	70	10	30	0	58.68	-19.61	-2.79
300	70	20	30	0	56.35	-14.70	-4.28
301	70	30	30	0	54.11	-9.90	-5.56
302	70	40	30	0	51.87	-5.11	-6.64
303	70	55	30	0	48.96	1.00	-7.86
304	70	70	30	0	46.51	5.89	-8.51
305	70	85	30	0	44.74	9.32	-8.71
306	70	100	30	0	43.64	11.43	-8.74
307	85	0	30	0	58.47	-27.72	-4.16
308	85	10	30	0	56.05	-22.48	-5.62
309	85	20	30	0	53.88	-17.73	-6.91
310	85	30	30	0	51.79	-13.15	-8.04
311	85	40	30	0	49.74	-8.64	-8.96
312	85	55	30	0	47.09	-2.88	-9.98
313	85	70	30	0	44.93	1.66	-10.51
314	85	85	30	0	43.37	4.80	-10.68
315	85	100	30	0	42.43	6.69	-10.68
316	100	0	30	0	56.53	-29.53	-6.07
317	100	10	30	0	54.25	-24.35	-7.37
318	100	20	30	0	52.19	-19.64	-8.50
319	100	30	30	0	50.23	-15.14	-9.49
320	100	40	30	0	48.31	-10.85	-10.30
321	100	55	30	0	45.86	-5.35	-11.23
322	100	70	30	0	43.91	-1.09	-11.68
323	100	85	30	0	42.55	1.80	-11.78
324	100	100	30	0	41.71	3.57	-11.84
325	0	0	40	0	81.95	-1.41	34.82
326	0	10	40	0	77.38	6.08	30.72
327	0	20	40	0	73.37	12.72	27.02
328	0	30	40	0	69.63	18.89	23.83
329	0	40	40	0	66.42	24.26	21.14
330	0	55	40	0	62.13	31.59	17.86
331	0	70	40	0	58.90	37.38	15.75
332	0	85	40	0	56.48	41.97	14.55
333	0	100	40	0	54.88	45.23	13.97
334	10	0	40	0	78.03	-6.13	28.83
335	10	10	40	0	74.37	0.46	25.82
336	10	20	40	0	70.62	6.93	22.52
337	10	30	40	0	67.09	13.01	19.54
338	10	40	40	0	63.79	18.77	16.79
339	10	55	40	0	59.62	26.13	13.68
340	10	70	40	0	56.42	31.92	11.70
341	10	85	40	0	54.16	36.22	10.65
342	10	100	40	0	52.66	39.18	10.19
343	20	0	40	0	74.52	-10.32	23.42
344	20	10	40	0	71.07	-4.14	20.65
345	20	20	40	0	67.76	1.83	17.83
346	20	30	40	0	64.51	7.72	15.13
347	20	40	40	0	61.36	13.48	12.57
348	20	55	40	0	57.38	20.80	9.72
349	20	70	40	0	54.25	26.60	7.92
350	20	85	40	0	52.06	30.77	7.01
351	20	100	40	0	50.64	33.50	6.62
352	30	0	40	0	71.16	-14.29	18.48
353	30	10	40	0	68.05	-8.27	16.07
354	30	20	40	0	65.04	-2.50	13.56
355	30	30	40	0	62.07	3.18	11.13
356	30	40	40	0	59.15	8.75	8.83
357	30	55	40	0	55.40	15.87	6.25
358	30	70	40	0	52.34	21.62	4.59
359	30	85	40	0	50.17	25.72	3.78
360	30	100	40	0	48.81	28.25	3.44
361	40	0	40	0	68.11	-17.86	14.06
362	40	10	40	0	65.28	-12.01	11.91
363	40	20	40	0	62.54	-6.45	9.66
364	40	30	40	0	59.79	-0.94	7.45
365	40	40	40	0	57.11	4.46	5.48
366	40	55	40	0	53.58	11.32	3.10
367	40	70	40	0	50.64	16.93	1.61
368	40	85	40	0	48.49	21.00	0.87
369	40	100	40	0	47.16	23.43	0.54
370	55	0	40	0	64.01	-22.49	8.37
371	55	10	40	0	61.42	-16.91	6.43
372	55	20	40	0	59.00	-11.70	4.53
373	55	30	40	0	56.59	-6.54	2.70
374	55	40	40	0	54.20	-1.47	1.05
375	55	55	40	0	51.00	5.09	-1.00
376	55	70	40	0	48.30	10.46	-2.30
377	55	85	40	0	46.27	14.32	-2.91
378	55	100	40	0	45.01	16.65	-3.19
379	70	0	40	0	60.71	-26.13	4.14
380	70	10	40	0	58.21	-20.80	2.30
381	70	20	40	0	55.95	-15.92	0.56
382	70	30	40	0	53.77	-11.11	-1.01
383	70	40	40	0	51.60	-6.27	-2.43
384	70	55	40	0	48.71	-0.07	-4.20
385	70	70	40	0	46.27	4.98	-5.29
386	70	85	40	0	44.44	8.58	-5.79
387	70	100	40	0	43.33	10.73	-5.99
388	85	0	40	0	57.95	-28.98	0.95
389	85	10	40	0	55.59	-23.78	-0.70
390	85	20	40	0	53.48	-19.06	-2.25
391	85	30	40	0	51.44	-14.46	-3.65
392	85	40	40	0	49.43	-9.90	-4.99
393	85	55	40	0	46.81	-4.02	-6.46
394	85	70	40	0	44.65	0.66	-7.36
395	85	85	40	0	43.08	3.96	-7.77
396	85	100	40	0	42.15	5.90	-7.91
397	100	0	40	0	56.03	-30.86	-1.14
398	100	10	40	0	53.81	-25.71	-2.60
399	100	20	40	0	51.81	-21.03	-3.99
400	100	30	40	0	49.89	-16.54	-5.25
401	100	40	40	0	48.00	-12.13	-6.48
402	100	55	40	0	45.57	-6.53	-7.80
403	100	70	40	0	43.62	-2.12	-8.59
404	100	85	40	0	42.25	0.95	-8.93
405	100	100	40	0	41.44	2.75	-9.06
406	0	0	55	0	81.14	-1.88	43.65
407	0	10	55	0	76.63	5.56	38.83
408	0	20	55	0	72.66	12.16	34.59
409	0	30	55	0	68.99	18.31	30.77
410	0	40	55	0	65.85	23.66	27.55
411	0	55	55	0	61.63	30.93	23.44
412	0	70	55	0	58.48	36.70	20.65
413	0	85	55	0	56.13	41.27	18.91
414	0	100	55	0	54.56	44.51	17.93
415	10	0	55	0	77.20	-6.74	37.48
416	10	10	55	0	73.48	-0.05	33.74
417	10	20	55	0	69.84	6.36	29.86
418	10	30	55	0	66.40	12.39	26.29
419	10	40	55	0	63.24	18.03	23.07
420	10	55	55	0	59.16	25.39	19.18
421	10	70	55	0	56.02	31.18	16.51
422	10	85	55	0	53.80	35.47	14.95
423	10	100	55	0	52.33	38.45	14.12
424	20	0	55	0	73.68	-11.09	31.91
425	20	10	55	0	70.22	-4.80	28.43
426	20	20	55	0	67.06	1.06	25.15
427	20	30	55	0	63.89	6.94	21.84
428	20	40	55	0	60.84	12.65	18.79
429	20	55	55	0	56.94	19.96	15.15
430	20	70	55	0	53.88	25.78	12.66
431	20	85	55	0	51.70	30.00	11.25
432	20	100	55	0	50.31	32.76	10.52
433	30	0	55	0	70.33	-15.23	26.73
434	30	10	55	0	67.22	-9.10	23.64
435	30	20	55	0	64.35	-3.41	20.69
436	30	30	55	0	61.49	2.21	17.75
437	30	40	55	0	58.65	7.80	14.94
438	30	55	55	0	54.99	14.93	11.59
439	30	70	55	0	51.98	20.73	9.27
440	30	85	55	0	49.82	24.89	7.94
441	30	100	55	0	48.46	27.51	7.27
442	40	0	55	0	67.30	-18.96	22.10
443	40	10	55	0	64.48	-13.02	19.34
444	40	20	55	0	61.86	-7.52	16.67
445	40	30	55	0	59.24	-2.07	14.00
446	40	40	55	0	56.59	3.36	11.40
447	40	55	55	0	53.19	10.28	8.34
448	40	70	55	0	50.29	15.97	6.21
449	40	85	55	0	48.13	20.11	4.96
450	40	100	55	0	46.80	22.64	4.31
451	55	0	55	0	63.20	-23.81	16.10
452	55	10	55	0	60.71	-18.23	13.70
453	55	20	55	0	58.38	-13.03	11.35
454	55	30	55	0	56.06	-7.86	9.02
455	55	40	55	0	53.73	-2.72	6.78
456	55	55	55	0	50.64	3.91	4.07
457	55	70	55	0	47.96	9.38	2.20
458	55	85	55	0	45.91	13.35	1.08
459	55	100	55	0	44.60	15.82	0.49
460	70	0	55	0	59.94	-27.61	11.64
461	70	10	55	0	57.53	-22.30	9.31
462	70	20	55	0	55.36	-17.41	7.14
463	70	30	55	0	53.26	-12.59	5.10
464	70	40	55	0	51.15	-7.69	3.12
465	70	55	55	0	48.35	-1.40	0.74
466	70	70	55	0	45.92	3.79	-0.89
467	70	85	55	0	44.08	7.54	-1.87
468	70	100	55	0	42.95	9.80	-2.35
469	85	0	55	0	57.23	-30.65	8.25
470	85	10	55	0	54.95	-25.45	6.09
471	85	20	55	0	52.91	-20.71	4.11
472	85	30	55	0	50.94	-16.09	2.26
473	85	40	55	0	48.99	-11.45	0.46
474	85	55	55	0	46.44	-5.48	-1.66
475	85	70	55	0	44.29	-0.62	-3.09
476	85	85	55	0	42.71	2.83	-3.93
477	85	100	55	0	41.75	4.88	-4.31
478	100	0	55	0	55.35	-32.69	6.02
479	100	10	55	0	53.19	-27.50	4.06
480	100	20	55	0	51.26	-22.81	2.24
481	100	30	55	0	49.40	-18.30	0.53
482	100	40	55	0	47.55	-13.82	-1.16
483	100	55	55	0	45.19	-8.08	-3.13
484	100	70	55	0	43.25	-3.49	-4.42
485	100	85	55	0	41.85	-0.25	-5.14
486	100	100	55	0	40.98	1.75	-5.51
487	0	0	70	0	80.53	-2.02	50.70
488	0	10	70	0	76.05	5.40	45.34
489	0	20	70	0	72.08	12.04	40.49
490	0	30	70	0	68.44	18.18	36.13
491	0	40	70	0	65.30	23.49	32.47
492	0	55	70	0	61.16	30.71	27.74
493	0	70	70	0	58.08	36.42	24.45
494	0	85	70	0	55.80	40.92	22.27
495	0	100	70	0	54.31	44.09	20.95
496	10	0	70	0	76.58	-7.00	44.35
497	10	10	70	0	72.76	-0.22	40.06
498	10	20	70	0	69.14	6.18	35.65
499	10	30	70	0	65.76	12.19	31.63
500	10	40	70	0	62.69	17.70	28.05
501	10	55	70	0	58.70	24.96	23.57
502	10	70	70	0	55.63	30.77	20.36
503	10	85	70	0	53.48	34.99	18.34
504	10	100	70	0	52.09	37.90	17.17
505	20	0	70	0	73.00	-11.48	38.50
506	20	10	70	0	69.49	-5.07	34.59
507	20	20	70	0	66.33	0.80	30.92
508	20	30	70	0	63.22	6.64	27.24
509	20	40	70	0	60.28	12.24	23.84
510	20	55	70	0	56.49	19.45	19.63
511	20	70	70	0	53.48	25.24	16.55
512	20	85	70	0	51.39	29.38	14.66
513	20	100	70	0	50.07	32.11	13.58
514	30	0	70	0	69.63	-15.72	33.09
515	30	10	70	0	66.48	-9.53	29.65
516	30	20	70	0	63.63	-3.84	26.38
517	30	30	70	0	60.84	1.71	23.19
518	30	40	70	0	58.08	7.25	20.02
519	30	55	70	0	54.51	14.34	16.11
520	30	70	70	0	51.58	20.09	13.18
521	30	85	70	0	49.50	24.18	11.36
522	30	100	70	0	48.22	26.76	10.33
523	40	0	70	0	66.58	-19.54	28.25
524	40	10	70	0	63.75	-13.55	25.23
525	40	20	70	0	61.16	-8.05	22.29
526	40	30	70	0	58.61	-2.69	19.41
527	40	40	70	0	56.05	2.68	16.48
528	40	55	70	0	52.71	9.59	12.87
529	40	70	70	0	49.90	15.25	10.14
530	40	85	70	0	47.83	19.32	8.38
531	40	100	70	0	46.55	21.82	7.37
532	55	0	70	0	62.53	-24.57	22.00
533	55	10	70	0	60.02	-18.93	19.39
534	55	20	70	0	57.73	-13.74	16.84
535	55	30	70	0	55.47	-8.64	14.32
536	55	40	70	0	53.18	-3.51	11.75
537	55	55	70	0	50.17	3.08	8.54
538	55	70	70	0	47.57	8.53	6.08
539	55	85	70	0	45.59	12.48	4.45
540	55	100	70	0	44.34	14.92	3.49
541	70	0	70	0	59.33	-28.54	17.29
542	70	10	70	0	56.94	-23.25	14.84
543	70	20	70	0	54.80	-18.36	12.47
544	70	30	70	0	52.72	-13.52	10.21
545	70	40	70	0	50.65	-8.63	7.93
546	70	55	70	0	47.91	-2.32	5.08
547	70	70	70	0	45.52	2.89	2.85
548	70	85	70	0	43.73	6.63	1.39
549	70	100	70	0	42.63	8.91	0.54
550	85	0	70	0	56.71	-31.73	13.64
551	85	10	70	0	54.45	-26.54	11.37
552	85	20	70	0	52.43	-21.81	9.20
553	85	30	70	0	50.48	-17.17	7.14
554	85	40	70	0	48.54	-12.52	5.09
555	85	55	70	0	46.02	-6.47	2.51
556	85	70	70	0	43.88	-1.57	0.51
557	85	85	70	0	42.31	1.94	-0.80
558	85	100	70	0	41.35	4.05	-1.57
559	100	0	70	0	54.93	-33.88	11.22
560	100	10	70	0	52.77	-28.68	9.14
561	100	20	70	0	50.85	-24.00	7.13
562	100	30	70	0	49.01	-19.48	5.23
563	100	40	70	0	47.16	-14.99	3.30
564	100	55	70	0	44.80	-9.16	0.90
565	100	70	70	0	42.84	-4.45	-0.93
566	100	85	70	0	41.42	-1.11	-2.14
567	100	100	70	0	40.53	0.88	-2.89
568	0	0	85	0	80.10	-1.91	56.20
569	0	10	85	0	75.61	5.54	50.36
570	0	20	85	0	71.61	12.21	45.04
571	0	30	85	0	67.95	18.34	40.29
572	0	40	85	0	64.84	23.64	36.23
573	0	55	85	0	60.72	30.84	30.97
574	0	70	85	0	57.71	36.43	27.29
575	0	85	85	0	55.52	40.80	24.79
576	0	100	85	0	54.12	43.92	23.24
577	10	0	85	0	76.07	-6.98	49.59
578	10	10	85	0	72.21	-0.12	44.90
579	10	20	85	0	68.57	6.30	40.13
580	10	30	85	0	65.20	12.29	35.77
581	10	40	85	0	62.18	17.73	31.88
582	10	55	85	0	58.26	24.88	26.94
583	10	70	85	0	55.29	30.53	23.32
584	10	85	85	0	53.22	34.71	20.93
585	10	100	85	0	51.92	37.50	19.48
586	20	0	85	0	72.45	-11.56	43.60
587	20	10	85	0	68.89	-5.06	39.33
588	20	20	85	0	65.71	0.84	35.39
589	20	30	85	0	62.62	6.65	31.43
590	20	40	85	0	59.74	12.14	27.77
591	20	55	85	0	56.04	19.24	23.14
592	20	70	85	0	53.15	24.88	19.63
593	20	85	85	0	51.14	28.93	17.29
594	20	100	85	0	49.92	31.54	15.92
595	30	0	85	0	69.05	-15.89	38.02
596	30	10	85	0	65.85	-9.62	34.29
597	30	20	85	0	62.98	-3.91	30.81
598	30	30	85	0	60.22	1.61	27.44
599	30	40	85	0	57.51	7.05	24.04
600	30	55	85	0	54.02	14.05	19.71
601	30	70	85	0	51.23	19.61	16.34
602	30	85	85	0	49.26	23.60	14.03
603	30	100	85	0	48.08	26.04	12.70
604	40	0	85	0	66.00	-19.81	33.01
605	40	10	85	0	63.12	-13.73	29.77
606	40	20	85	0	60.51	-8.21	26.67
607	40	30	85	0	57.99	-2.88	23.66
608	40	40	85	0	55.48	2.39	20.59
609	40	55	85	0	52.20	9.23	16.57
610	40	70	85	0	49.52	14.72	13.36
611	40	85	85	0	47.59	18.64	11.09
612	40	100	85	0	46.41	21.02	9.75
613	55	0	85	0	61.97	-24.96	26.49
614	55	10	85	0	59.43	-19.23	23.74
615	55	20	85	0	57.12	-14.04	21.09
616	55	30	85	0	54.88	-9.00	18.52
617	55	40	85	0	52.64	-3.97	15.84
618	55	55	85	0	49.67	2.60	12.25
619	55	70	85	0	47.18	7.92	9.30
620	55	85	85	0	45.32	11.72	7.12
621	55	100	85	0	44.17	14.07	5.81
622	70	0	85	0	58.84	-29.02	21.50
623	70	10	85	0	56.44	-23.66	18.98
624	70	20	85	0	54.29	-18.76	16.57
625	70	30	85	0	52.22	-13.98	14.27
626	70	40	85	0	50.16	-9.17	11.89
627	70	55	85	0	47.46	-2.92	8.71
628	70	70	85	0	45.14	2.21	5.98
629	70	85	85	0	43.42	5.90	3.93
630	70	100	85	0	42.36	8.14	2.70
631	85	0	85	0	56.38	-32.35	17.58
632	85	10	85	0	54.08	-27.16	15.30
633	85	20	85	0	52.05	-22.43	13.12
634	85	30	85	0	50.09	-17.81	11.01
635	85	40	85	0	48.15	-13.19	8.84
636	85	55	85	0	45.63	-7.16	5.94
637	85	70	85	0	43.50	-2.23	3.45
638	85	85	85	0	41.93	1.31	1.55
639	85	100	85	0	40.98	3.42	0.42
640	100	0	85	0	54.79	-34.59	14.84
641	100	10	85	0	52.54	-29.39	12.84
642	100	20	85	0	50.59	-24.71	10.85
643	100	30	85	0	48.72	-20.21	8.91
644	100	40	85	0	46.86	-15.74	6.89
645	100	55	85	0	44.44	-9.88	4.16
646	100	70	85	0	42.44	-5.08	1.84
647	100	85	85	0	40.98	-1.65	0.04
648	100	100	85	0	40.07	0.39	-1.08
649	0	0	100	0	80.00	-2.00	60.00
650	0	10	100	0	75.28	5.77	53.88
651	0	20	100	0	71.22	12.46	48.29
652	0	30	100	0	67.56	18.59	43.25
653	0	40	100	0	64.61	23.67	39.14
654	0	55	100	0	60.40	30.98	33.31
655	0	70	100	0	57.42	36.50	29.30
656	0	85	100	0	55.32	40.84	26.56
657	0	100	100	0	54.00	44.00	25.00
658	10	0	100	0	75.69	-6.86	53.27
659	10	10	100	0	71.84	0.05	48.21
660	10	20	100	0	68.17	6.50	43.21
661	10	30	100	0	64.78	12.50	38.60
662	10	40	100	0	61.82	17.82	34.54
663	10	55	100	0	57.93	24.94	29.25
664	10	70	100	0	55.04	30.46	25.34
665	10	85	100	0	53.06	34.52	22.68
666	10	100	100	0	51.82	37.34	21.06
667	20	0	100	0	71.94	-11.50	47.06
668	20	10	100	0	68.43	-5.00	42.51
669	20	20	100	0	65.25	0.94	38.24
670	20	30	100	0	62.15	6.75	34.12
671	20	40	100	0	59.33	12.13	30.33
672	20	55	100	0	55.71	19.21	25.46
673	20	70	100	0	52.92	24.70	21.68
674	20	85	100	0	51.01	28.54	19.01
675	20	100	100	0	49.85	31.14	17.44
676	30	0	100	0	68.54	-15.88	41.44
677	30	10	100	0	65.39	-9.60	37.45
678	30	20	100	0	62.51	-3.86	33.70
679	30	30	100	0	59.75	1.66	30.11
680	30	40	100	0	57.08	7.00	26.59
681	30	55	100	0	53.69	13.92	22.05
682	30	70	100	0	51.00	19.36	18.38
683	30	85	100	0	49.14	23.19	15.78
684	30	100	100	0	48.03	25.56	14.18
685	40	0	100	0	65.54	-19.82	36.41
686	40	10	100	0	62.65	-13.71	32.89
687	40	20	100	0	60.04	-8.17	29.55
688	40	30	100	0	57.52	-2.84	26.36
689	40	40	100	0	55.06	2.32	23.19
690	40	55	100	0	51.86	9.05	18.92
691	40	70	100	0	49.27	14.41	15.39
692	40	85	100	0	47.45	18.20	12.82
693	40	100	100	0	46.33	20.48	11.27
694	55	0	100	0	61.57	-25.08	29.72
695	55	10	100	0	58.99	-19.30	26.68
696	55	20	100	0	56.69	-14.11	23.87
697	55	30	100	0	54.47	-9.12	21.18
698	55	40	100	0	52.29	-4.27	18.46
699	55	55	100	0	49.32	2.36	14.64
700	55	70	100	0	46.91	7.59	11.37
701	55	85	100	0	45.14	11.29	8.84
702	55	100	100	0	44.05	13.51	7.29
703	70	0	100	0	58.52	-29.21	24.44
704	70	10	100	0	56.10	-23.81	21.74
705	70	20	100	0	53.95	-18.91	19.22
706	70	30	100	0	51.88	-14.18	16.83
707	70	40	100	0	49.84	-9.44	14.43
708	70	55	100	0	47.16	-3.23	11.02
709	70	70	100	0	44.90	1.83	7.98
710	70	85	100	0	43.22	5.45	5.56
711	70	100	100	0	42.17	7.70	4.01
712	85	0	100	0	56.25	-32.62	20.16
713	85	10	100	0	53.88	-27.41	17.82
714	85	20	100	0	51.81	-22.68	15.58
715	85	30	100	0	49.85	-18.09	13.42
716	85	40	100	0	47.92	-13.51	11.23
717	85	55	100	0	45.38	-7.52	8.11
718	85	70	100	0	43.25	-2.63	5.28
719	85	85	100	0	41.69	0.93	3.04
720	85	100	100	0	40.71	3.06	1.62
721	100	0	100	0	55.00	-35.00	17.00
722	100	10	100	0	52.55	-29.81	15.13
723	100	20	100	0	50.47	-25.13	13.21
724	100	30	100	0	48.56	-20.63	11.22
725	100	40	100	0	46.73	-16.28	9.16
726	100	55	100	0	44.19	-10.33	6.18
727	100	70	100	0	42.15	-5.49	3.54
728	100	85	100	0	40.68	-1.96	1.45
729	100	100	100	0	40.00	0.00	0.00
730	0	0	0	20	71.89	0.94	4.56
731	0	10	0	20	68.20	6.81	3.37
732	0	20	0	20	64.98	12.00	2.40
733	0	40	0	20	59.39	21.00	0.98
734	0	70	0	20	53.22	31.71	0.28
735	0	100	0	20	49.37	37.12	1.01
736	10	0	0	20	68.85	-2.32	0.75
737	10	10	0	20	65.40	3.32	-0.17
738	10	20	0	20	62.41	8.28	-0.95
739	10	40	0	20	57.19	16.88	-2.03
740	10	70	0	20	51.32	26.80	-2.60
741	10	100	0	20	47.86	32.29	-1.70
742	20	0	0	20	66.23	-5.11	-2.59
743	20	10	0	20	62.92	0.31	-3.40
744	20	20	0	20	60.11	5.14	-4.00
745	20	40	0	20	55.27	13.32	-4.74
746	20	70	0	20	49.80	22.84	-5.00
747	20	100	0	20	46.54	28.02	-4.19
748	40	0	0	20	61.20	-10.36	-8.79
749	40	10	0	20	58.33	-5.29	-9.12
750	40	20	0	20	55.84	-0.87	-9.48
751	40	40	0	20	51.63	6.62	-9.70
752	40	70	0	20	46.92	15.33	-9.51
753	40	100	0	20	44.05	20.14	-8.75
754	70	0	0	20	55.43	-16.01	-15.38
755	70	10	0	20	53.01	-11.44	-15.28
756	70	20	0	20	51.06	-7.70	-15.15
757	70	40	0	20	47.55	-0.83	-14.95
758	70	70	0	20	43.57	6.81	-14.36
759	70	100	0	20	41.36	11.07	-13.59
760	100	0	0	20	51.31	-18.88	-18.22
761	100	10	0	20	49.38	-14.86	-18.01
762	100	20	0	20	47.68	-11.34	-17.95
763	100	40	0	20	44.75	-5.27	-17.46
764	100	70	0	20	41.52	1.65	-16.86
765	100	100	0	20	39.59	5.30	-15.91
766	0	0	10	20	71.29	0.35	11.07
767	0	10	10	20	67.71	6.13	9.36
768	0	20	10	20	64.57	11.28	7.93
769	0	40	10	20	59.07	20.28	5.66
770	0	70	10	20	52.97	30.92	4.11
771	0	100	10	20	49.25	36.62	4.08
772	10	0	10	20	68.26	-3.07	7.05
773	10	10	10	20	65.89	1.99	5.49
774	10	20	10	20	62.86	7.11	4.24
775	10	40	10	20	57.16	16.48	2.26
776	10	70	10	20	50.99	26.75	0.98
777	10	100	10	20	47.80	32.05	1.21
778	20	0	10	20	65.64	-6.05	3.58
779	20	10	10	20	63.25	-1.30	1.94
780	20	20	10	20	60.42	3.69	0.89
781	20	40	10	20	55.21	12.66	-0.68
782	20	70	10	20	49.48	22.63	-1.63
783	20	100	10	20	46.42	27.69	-1.38
784	40	0	10	20	60.66	-11.47	-2.85
785	40	10	10	20	58.53	-6.83	-3.96
786	40	20	10	20	56.10	-2.29	-4.82
787	40	40	10	20	51.67	5.87	-5.82
788	40	70	10	20	46.65	15.04	-6.30
789	40	100	10	20	43.92	19.80	-6.00
790	70	0	10	20	54.98	-17.39	-10.11
791	70	10	10	20	52.82	-13.18	-10.38
792	70	20	10	20	50.94	-9.30	-10.79
793	70	40	10	20	47.41	-2.03	-11.37
794	70	70	10	20	43.32	6.18	-11.48
795	70	100	10	20	41.15	10.43	-11.05
796	100	0	10	20	50.87	-20.53	-13.00
797	100	10	10	20	49.20	-16.68	-13.43
798	100	20	10	20	47.52	-13.05	-13.68
799	100	40	10	20	44.58	-6.60	-13.95
800	100	70	10	20	41.24	0.70	-13.85
801	100	100	10	20	39.42	4.51	-13.36
802	0	0	20	20	70.83	-0.17	16.93
803	0	10	20	20	67.31	5.59	14.78
804	0	20	20	20	64.22	10.73	12.91
805	0	40	20	20	58.82	19.70	9.87
806	0	70	20	20	52.80	30.39	7.34
807	0	100	20	20	49.17	36.29	6.85
808	10	0	20	20	67.84	-3.75	12.78
809	10	10	20	20	65.49	1.29	11.01
810	10	20	20	20	62.52	6.39	9.29
811	10	40	20	20	56.95	15.79	6.44
812	10	70	20	20	50.88	26.18	4.10
813	10	100	20	20	47.69	31.64	3.93
814	20	0	20	20	65.24	-6.85	9.21
815	20	10	20	20	62.89	-2.13	7.43
816	20	20	20	20	60.12	2.86	5.89
817	20	40	20	20	55.10	11.94	3.36
818	20	70	20	20	49.32	22.30	1.30
819	20	100	20	20	46.36	27.37	1.23
820	40	0	20	20	60.28	-12.56	2.48
821	40	10	20	20	58.24	-7.96	1.08
822	40	20	20	20	56.06	-3.49	-0.19
823	40	40	20	20	51.63	5.04	-2.07
824	40	70	20	20	46.56	14.67	-3.56
825	40	100	20	20	43.81	19.50	-3.54
826	70	0	20	20	54.53	-18.71	-4.91
827	70	10	20	20	52.57	-14.54	-5.82
828	70	20	20	20	50.81	-10.77	-6.71
829	70	40	20	20	47.30	-3.19	-8.02
830	70	70	20	20	43.15	5.43	-8.86
831	70	100	20	20	40.97	9.77	-8.73
832	100	0	20	20	50.57	-22.16	-8.32
833	100	10	20	20	48.91	-18.21	-9.01
834	100	20	20	20	47.40	-14.69	-9.74
835	100	40	20	20	44.45	-7.93	-10.73
836	100	70	20	20	41.09	-0.17	-11.39
837	100	100	20	20	39.28	3.68	-11.04
838	0	0	40	20	70.27	-1.05	27.70
839	0	10	40	20	66.75	4.71	24.62
840	0	20	40	20	63.75	9.80	22.04
841	0	40	40	20	58.48	19.04	17.52
842	0	70	40	20	52.53	29.57	13.36
843	0	100	40	20	49.16	35.81	11.76
844	10	0	40	20	67.22	-4.85	23.13
845	10	10	40	20	64.47	0.32	20.89
846	10	20	40	20	61.75	5.29	18.54
847	10	40	40	20	56.57	14.79	14.12
848	10	70	40	20	50.69	25.34	10.11
849	10	100	40	20	47.60	31.13	8.78
850	20	0	40	20	64.52	-8.18	19.21
851	20	10	40	20	62.05	-3.31	17.09
852	20	20	40	20	59.57	1.35	14.91
853	20	40	40	20	54.71	10.71	10.84
854	20	70	40	20	49.09	21.21	7.13
855	20	100	40	20	46.16	26.70	6.01
856	40	0	40	20	59.66	-14.34	11.86
857	40	10	40	20	57.65	-9.73	10.30
858	40	20	40	20	55.58	-5.36	8.54
859	40	40	40	20	51.50	3.52	5.20
860	40	70	40	20	46.37	13.58	2.00
861	40	100	40	20	43.63	18.81	1.12
862	70	0	40	20	53.83	-21.03	4.14
863	70	10	40	20	52.02	-16.86	2.68
864	70	20	40	20	50.36	-13.05	1.29
865	70	40	40	20	47.09	-5.30	-1.36
866	70	70	40	20	42.91	3.90	-3.66
867	70	100	40	20	40.62	8.58	-4.24
868	100	0	40	20	50.09	-24.85	0.02
869	100	10	40	20	48.49	-20.87	-1.21
870	100	20	40	20	47.02	-17.29	-2.38
871	100	40	40	20	44.19	-10.24	-4.53
872	100	70	40	20	40.75	-1.95	-6.41
873	100	100	40	20	39.02	2.19	-6.74
874	0	0	70	20	69.03	-1.66	40.07
875	0	10	70	20	65.61	4.14	35.97
876	0	20	70	20	62.71	9.17	32.37
877	0	40	70	20	57.64	18.26	26.30
878	0	70	70	20	52.02	28.84	20.14
879	0	100	70	20	48.86	34.98	17.18
880	10	0	70	20	66.30	-5.56	35.58
881	10	10	70	20	63.12	-0.36	31.87
882	10	20	70	20	60.53	4.55	28.65
883	10	40	70	20	55.72	13.80	22.86
884	10	70	70	20	50.20	24.44	16.88
885	10	100	70	20	47.29	30.20	14.27
886	20	0	70	20	63.35	-9.23	30.79
887	20	10	70	20	60.68	-4.09	27.73
888	20	20	70	20	58.47	0.38	25.04
889	20	40	70	20	53.93	9.57	19.57
890	20	70	70	20	48.61	20.16	13.87
891	20	100	70	20	45.84	25.70	11.49
892	40	0	70	20	58.50	-15.80	22.85
893	40	10	70	20	56.31	-10.91	20.43
894	40	20	70	20	54.55	-6.75	18.28
895	40	40	70	20	50.76	1.95	13.76
896	40	70	70	20	45.92	12.23	8.73
897	40	100	70	20	43.30	17.59	6.60
898	70	0	70	20	52.90	-23.14	14.31
899	70	10	70	20	51.17	-18.95	12.40
900	70	20	70	20	49.60	-15.14	10.52
901	70	40	70	20	46.47	-7.29	6.86
902	70	70	70	20	42.44	2.18	2.78
903	70	100	70	20	40.16	7.05	0.98
904	100	0	70	20	49.41	-27.34	9.50
905	100	10	70	20	47.73	-23.13	7.78
906	100	20	70	20	46.42	-19.72	6.23
907	100	40	70	20	43.70	-12.65	3.13
908	100	70	70	20	40.23	-3.94	-0.37
909	100	100	70	20	38.45	0.51	-1.82
910	0	0	100	20	67.50	-1.61	46.25
911	0	10	100	20	64.33	4.12	41.78
912	0	20	100	20	61.57	9.26	37.88
913	0	40	100	20	56.71	18.17	30.99
914	0	70	100	20	51.52	28.64	23.77
915	0	100	100	20	48.40	34.25	19.94
916	10	0	100	20	64.62	-5.71	41.30
917	10	10	100	20	62.02	-0.36	37.72
918	10	20	100	20	59.41	4.65	34.05
919	10	40	100	20	54.80	13.54	27.62
920	10	70	100	20	49.62	23.70	20.49
921	10	100	100	20	46.91	29.32	17.04
922	20	0	100	20	62.07	-9.34	36.88
923	20	10	100	20	59.64	-4.23	33.56
924	20	20	100	20	57.44	0.42	30.48
925	20	40	100	20	53.08	9.25	24.49
926	20	70	100	20	48.16	19.54	17.73
927	20	100	100	20	45.55	24.73	14.30
928	40	0	100	20	57.42	-16.11	28.86
929	40	10	100	20	55.35	-11.29	26.17
930	40	20	100	20	53.51	-6.94	23.72
931	40	40	100	20	49.85	1.43	18.87
932	40	70	100	20	45.45	11.55	12.79
933	40	100	100	20	43.11	16.47	9.46
934	70	0	100	20	52.25	-23.66	19.80
935	70	10	100	20	50.51	-19.46	17.72
936	70	20	100	20	48.93	-15.66	15.69
937	70	40	100	20	45.88	-8.09	11.85
938	70	70	100	20	41.96	1.24	6.71
939	70	100	100	20	39.90	6.02	3.70
940	100	0	100	20	48.84	-27.97	14.48
941	100	10	100	20	47.35	-24.00	12.63
942	100	20	100	20	45.94	-20.46	10.89
943	100	40	100	20	43.31	-13.45	7.57
944	100	70	100	20	39.81	-4.77	3.11
945	100	100	100	20	38.00	-0.29	0.58
946	0	0	0	40	60.23	0.95	4.25
947	0	20	0	40	55.57	9.08	2.78
948	0	40	0	40	51.63	15.75	1.79
949	0	70	0	40	47.19	23.59	1.21
950	0	100	0	40	43.85	27.94	1.54
951	20	0	0	40	56.29	-3.51	-0.89
952	20	20	0	40	52.05	3.87	-1.93
953	20	40	0	40	48.59	10.05	-2.54
954	20	70	0	40	44.66	17.14	-2.89
955	20	100	0	40	41.91	21.23	-2.60
956	40	0	0	40	52.72	-7.54	-5.46
957	40	20	0	40	48.95	-0.63	-6.06
958	40	40	0	40	45.92	5.00	-6.41
959	40	70	0	40	42.62	11.63	-6.44
960	40	100	0	40	40.23	15.54	-6.08
961	70	0	0	40	48.69	-12.10	-10.35
962	70	20	0	40	45.50	-5.85	-10.45
963	70	40	0	40	43.01	-0.57	-10.64
964	70	70	0	40	40.22	5.24	-10.32
965	70	100	0	40	38.48	8.92	-9.66
966	100	0	0	40	45.12	-14.52	-12.19
967	100	20	0	40	42.64	-8.81	-12.56
968	100	40	0	40	40.67	-4.18	-12.70
969	100	70	0	40	38.62	1.06	-12.32
970	100	100	0	40	37.10	4.41	-11.41
971	0	0	20	40	59.80	0.00	13.33
972	0	20	20	40	55.18	8.08	10.50
973	0	40	20	40	51.35	14.79	8.36
974	0	70	20	40	46.98	22.69	6.34
975	0	100	20	40	43.91	27.54	5.98
976	20	0	20	40	55.74	-5.06	7.55
977	20	20	20	40	52.71	2.10	5.18
978	20	40	20	40	48.99	9.09	3.28
979	20	70	20	40	44.71	17.09	1.72
980	20	100	20	40	42.13	21.12	1.58
981	40	0	20	40	52.22	-9.41	2.68
982	40	20	20	40	49.64	-2.68	0.64
983	40	40	20	40	46.42	3.83	-0.86
984	40	70	20	40	42.69	11.30	-2.13
985	40	100	20	40	40.35	15.23	-2.10
986	70	0	20	40	48.13	-14.28	-2.70
987	70	20	20	40	45.68	-8.36	-4.38
988	70	40	20	40	43.16	-2.47	-5.65
989	70	70	20	40	40.13	4.19	-6.32
990	70	100	20	40	38.37	7.91	-6.19
991	100	0	20	40	44.89	-17.14	-5.16
992	100	20	20	40	42.84	-11.62	-6.72
993	100	40	20	40	40.76	-6.46	-7.73
994	100	70	20	40	38.44	-0.36	-8.42
995	100	100	20	40	36.99	3.04	-8.02
996	0	0	40	40	59.63	-0.67	20.78
997	0	20	40	40	55.01	7.43	16.96
998	0	40	40	40	51.30	14.34	13.63
999	0	70	40	40	46.97	22.30	10.65
1000	0	100	40	40	44.15	27.43	9.26
1001	20	0	40	40	55.63	-6.00	14.87
1002	20	20	40	40	52.57	1.14	12.12
1003	20	40	40	40	49.02	8.41	8.96
1004	20	70	40	40	44.77	16.52	6.18
1005	20	100	40	40	42.35	21.05	5.25
1006	40	0	40	40	52.03	-10.91	9.10
1007	40	20	40	40	49.54	-4.19	7.01
1008	40	40	40	40	46.50	2.66	4.70
1009	40	70	40	40	42.74	10.50	1.95
1010	40	100	40	40	40.53	14.83	1.19
1011	70	0	40	40	47.87	-16.09	3.43
1012	70	20	40	40	45.62	-10.39	1.68
1013	70	40	40	40	43.28	-4.31	-0.50
1014	70	70	40	40	40.09	2.94	-2.48
1015	70	100	40	40	38.28	6.95	-3.01
1016	100	0	40	40	44.92	-19.16	0.10
1017	100	20	40	40	42.85	-13.69	-1.54
1018	100	40	40	40	40.89	-8.29	-3.49
1019	100	70	40	40	38.33	-1.78	-4.88
1020	100	100	40	40	36.93	1.82	-5.17
1021	0	0	70	40	58.61	-1.30	29.93
1022	0	20	70	40	54.34	6.68	24.77
1023	0	40	70	40	50.78	13.61	20.43
1024	0	70	70	40	46.69	21.55	16.00
1025	0	100	70	40	44.11	26.91	13.63
1026	20	0	70	40	54.70	-7.13	23.40
1027	20	20	70	40	51.71	0.05	19.70
1028	20	40	70	40	48.42	7.27	15.67
1029	20	70	70	40	44.48	15.50	11.46
1030	20	100	70	40	42.16	20.17	9.50
1031	40	0	70	40	51.32	-12.21	17.62
1032	40	20	70	40	48.84	-5.54	14.55
1033	40	40	70	40	46.18	1.29	11.21
1034	40	70	70	40	42.56	9.43	7.42
1035	40	100	70	40	40.41	13.95	5.68
1036	70	0	70	40	47.38	-18.00	11.41
1037	70	20	70	40	45.17	-12.14	8.67
1038	70	40	70	40	42.97	-6.28	5.92
1039	70	70	70	40	39.86	1.46	2.69
1040	70	100	70	40	38.05	5.66	1.26
1041	100	0	70	40	44.61	-21.38	7.59
1042	100	20	70	40	42.61	-15.90	5.18
1043	100	40	70	40	40.66	-10.45	2.68
1044	100	70	70	40	38.05	-3.61	0.01
1045	100	100	70	40	36.60	0.27	-1.14
1046	0	0	100	40	57.19	-1.47	34.57
1047	0	20	100	40	53.22	6.70	28.79
1048	0	40	100	40	49.99	13.44	24.09
1049	0	70	100	40	46.41	21.39	18.96
1050	0	100	100	40	43.75	26.31	15.82
1051	20	0	100	40	53.51	-7.59	27.80
1052	20	20	100	40	50.61	-0.16	23.63
1053	20	40	100	40	47.59	6.65	19.36
1054	20	70	100	40	44.10	14.82	14.49
1055	20	100	100	40	41.87	19.29	11.64
1056	40	0	100	40	50.39	-12.73	22.17
1057	40	20	100	40	47.87	-5.75	18.67
1058	40	40	100	40	45.34	0.73	15.15
1059	40	70	100	40	42.20	8.78	10.67
1060	40	100	100	40	40.26	13.07	7.97
1061	70	0	100	40	46.91	-18.54	15.81
1062	70	20	100	40	44.66	-12.59	12.75
1063	70	40	100	40	42.49	-6.69	9.76
1064	70	70	100	40	39.58	0.70	5.88
1065	70	100	100	40	37.90	4.82	3.55
1066	100	0	100	40	44.18	-22.00	11.70
1067	100	20	100	40	42.12	-16.32	8.84
1068	100	40	100	40	40.42	-11.12	6.24
1069	100	70	100	40	37.84	-4.40	2.90
1070	100	100	100	40	36.34	-0.59	0.94
1071	0	0	0	60	50.31	0.98	4.09
1072	0	20	0	60	47.43	6.71	3.07
1073	0	40	0	60	44.96	11.41	2.48
1074	0	70	0	60	41.95	17.11	2.02
1075	0	100	0	60	39.49	20.58	2.07
1076	20	0	0	60	47.83	-2.38	0.32
1077	20	20	0	60	45.16	2.96	-0.33
1078	20	40	0	60	42.89	7.32	-0.87
1079	20	70	0	60	40.16	12.53	-1.15
1080	20	100	0	60	38.22	15.84	-1.11
1081	40	0	0	60	45.55	-5.30	-2.88
1082	40	20	0	60	43.06	-0.34	-3.39
1083	40	40	0	60	41.13	3.79	-3.72
1084	40	70	0	60	38.86	8.72	-3.90
1085	40	100	0	60	37.13	11.84	-3.81
1086	70	0	0	60	42.71	-8.65	-6.29
1087	70	20	0	60	40.56	-4.19	-6.63
1088	70	40	0	60	39.06	-0.44	-7.00
1089	70	70	0	60	37.18	3.98	-6.91
1090	70	100	0	60	35.97	7.07	-6.55
1091	100	0	0	60	40.20	-10.83	-7.94
1092	100	20	0	60	38.59	-6.73	-8.52
1093	100	40	0	60	37.37	-3.38	-8.93
1094	100	70	0	60	36.04	0.67	-8.75
1095	100	100	0	60	35.00	3.54	-7.92
1096	0	0	20	60	50.32	0.18	10.33
1097	0	20	20	60	47.37	5.88	8.41
1098	0	40	20	60	44.91	10.70	7.04
1099	0	70	20	60	41.88	16.52	5.64
1100	0	100	20	60	39.69	20.39	5.27
1101	20	0	20	60	47.71	-3.49	6.22
1102	20	20	20	60	46.28	1.66	4.63
1103	20	40	20	60	43.73	6.82	3.29
1104	20	70	20	60	40.59	12.77	2.11
1105	20	100	20	60	38.69	16.03	1.92
1106	40	0	20	60	45.36	-6.72	2.78
1107	40	20	20	60	44.12	-1.93	1.30
1108	40	40	20	60	41.91	2.91	0.11
1109	40	70	20	60	39.17	8.50	-0.90
1110	40	100	20	60	37.48	11.74	-0.93
1111	70	0	20	60	42.49	-10.44	-0.99
1112	70	20	20	60	41.17	-6.26	-2.50
1113	70	40	20	60	39.45	-1.88	-3.63
1114	70	70	20	60	37.36	3.19	-4.20
1115	70	100	20	60	36.04	6.25	-4.07
1116	100	0	20	60	40.28	-12.93	-3.02
1117	100	20	20	60	39.09	-9.02	-4.45
1118	100	40	20	60	37.69	-5.17	-5.42
1119	100	70	20	60	36.05	-0.45	-5.94
1120	100	100	20	60	35.01	2.51	-5.68
1121	0	0	40	60	50.34	-0.34	15.35
1122	0	20	40	60	47.47	5.10	12.88
1123	0	40	40	60	44.97	10.24	10.69
1124	0	70	40	60	42.01	16.27	8.55
1125	0	100	40	60	40.00	20.46	7.60
1126	20	0	40	60	47.74	-4.20	11.26
1127	20	20	40	60	46.27	0.77	9.55
1128	20	40	40	60	43.77	6.15	7.28
1129	20	70	40	60	40.72	12.26	5.25
1130	20	100	40	60	38.86	15.80	4.50
1131	40	0	40	60	45.40	-7.77	7.35
1132	40	20	40	60	44.22	-3.15	5.88
1133	40	40	40	60	42.13	1.97	4.13
1134	40	70	40	60	39.48	8.05	2.07
1135	40	100	40	60	37.84	11.58	1.48
1136	70	0	40	60	42.58	-11.82	3.08
1137	70	20	40	60	41.34	-7.95	1.88
1138	70	40	40	60	39.83	-3.42	0.11
1139	70	70	40	60	37.56	2.23	-1.45
1140	70	100	40	60	36.18	5.56	-1.86
1141	100	0	40	60	40.56	-14.54	0.63
1142	100	20	40	60	39.25	-10.66	-0.70
1143	100	40	40	60	38.03	-6.71	-2.35
1144	100	70	40	60	36.15	-1.55	-3.47
1145	100	100	40	60	35.06	1.51	-3.70
1146	0	0	70	60	49.91	-0.93	21.83
1147	0	20	70	60	47.05	4.80	18.30
1148	0	40	70	60	44.91	9.88	15.60
1149	0	70	70	60	42.10	15.90	12.52
1150	0	100	70	60	40.16	20.26	10.75
1151	20	0	70	60	47.26	-5.33	17.19
1152	20	20	70	60	45.72	-0.08	15.02
1153	20	40	70	60	43.48	5.33	12.20
1154	20	70	70	60	40.75	11.62	9.26
1155	20	100	70	60	38.91	15.36	7.72
1156	40	0	70	60	45.25	-9.08	13.35
1157	40	20	70	60	43.77	-4.34	11.28
1158	40	40	70	60	42.13	0.85	8.98
1159	40	70	70	60	39.55	7.21	6.22
1160	40	100	70	60	37.89	10.93	4.91
1161	70	0	70	60	42.55	-13.49	8.85
1162	70	20	70	60	41.23	-9.38	6.97
1163	70	40	70	60	39.81	-5.06	4.93
1164	70	70	70	60	37.55	1.02	2.47
1165	70	100	70	60	36.13	4.57	1.40
1166	100	0	70	60	40.64	-16.38	5.97
1167	100	20	70	60	39.28	-12.46	4.22
1168	100	40	70	60	38.04	-8.47	2.31
1169	100	70	70	60	36.08	-3.09	0.26
1170	100	100	70	60	34.89	0.21	-0.65
1171	0	0	100	60	49.07	-1.17	25.26
1172	0	20	100	60	46.52	4.75	21.37
1173	0	40	100	60	44.51	9.72	18.39
1174	0	70	100	60	42.06	15.77	14.84
1175	0	100	100	60	40.01	19.75	12.38
1176	20	0	100	60	46.71	-5.79	20.54
1177	20	20	100	60	45.11	-0.32	18.04
1178	20	40	100	60	43.09	4.83	15.11
1179	20	70	100	60	40.55	11.07	11.61
1180	20	100	100	60	38.85	14.85	9.43
1181	40	0	100	60	44.78	-9.69	16.73
1182	40	20	100	60	43.26	-4.61	14.46
1183	40	40	100	60	41.62	0.35	12.03
1184	40	70	100	60	39.36	6.70	8.79
1185	40	100	100	60	37.83	10.34	6.71
1186	70	0	100	60	42.47	-14.17	12.28
1187	70	20	100	60	40.93	-9.86	10.09
1188	70	40	100	60	39.58	-5.45	7.94
1189	70	70	100	60	37.41	0.41	5.04
1190	70	100	100	60	36.06	3.94	3.26
1191	100	0	100	60	40.50	-16.98	9.21
1192	100	20	100	60	39.19	-13.08	7.16
1193	100	40	100	60	37.97	-9.14	5.11
1194	100	70	100	60	36.01	-3.83	2.60
1195	100	100	100	60	34.78	-0.60	1.14
1196	0	0	0	80	42.33	1.02	4.09
1197	0	40	0	80	39.71	8.20	3.03
1198	0	70	0	80	37.73	12.14	2.69
1199	0	100	0	80	36.42	15.41	2.55
1200	40	0	0	80	39.97	-3.50	-1.08
1201	40	40	0	80	37.37	2.89	-1.70
1202	40	70	0	80	35.85	6.39	-1.85
1203	40	100	0	80	34.97	9.23	-1.95
1204	70	0	0	80	37.97	-6.05	-3.64
1205	70	40	0	80	35.87	-0.27	-4.30
1206	70	70	0	80	34.74	3.00	-4.36
1207	70	100	0	80	33.90	5.61	-4.25
1208	100	0	0	80	36.63	-8.11	-5.67
1209	100	40	0	80	35.04	-2.80	-6.36
1210	100	70	0	80	33.94	0.28	-6.17
1211	100	100	0	80	33.22	2.79	-5.95
1212	0	0	40	80	43.14	-0.01	11.25
1213	0	40	40	80	40.00	7.48	8.27
1214	0	70	40	80	38.11	11.82	6.84
1215	0	100	40	80	37.00	15.34	6.30
1216	40	0	40	80	40.30	-5.38	5.65
1217	40	40	40	80	38.31	1.54	3.55
1218	40	70	40	80	36.49	6.00	2.03
1219	40	100	40	80	35.50	8.95	1.66
1220	70	0	40	80	38.47	-8.46	2.48
1221	70	40	40	80	36.72	-2.68	0.36
1222	70	70	40	80	35.17	1.70	-0.72
1223	70	100	40	80	34.22	4.47	-1.08
1224	100	0	40	80	37.37	-10.94	0.50
1225	100	40	40	80	35.57	-5.20	-1.67
1226	100	70	40	80	34.15	-1.30	-2.52
1227	100	100	40	80	33.38	1.31	-2.73
1228	0	0	70	80	43.06	-0.56	15.64
1229	0	40	70	80	40.11	7.07	11.67
1230	0	70	70	80	38.40	11.59	9.74
1231	0	100	70	80	37.08	15.15	8.48
1232	40	0	70	80	40.37	-6.43	9.85
1233	40	40	70	80	38.39	0.59	6.90
1234	40	70	70	80	36.71	5.36	5.05
1235	40	100	70	80	35.53	8.43	4.12
1236	70	0	70	80	38.78	-9.88	6.69
1237	70	40	70	80	36.94	-3.94	3.96
1238	70	70	70	80	35.33	0.82	2.21
1239	70	100	70	80	34.26	3.75	1.40
1240	100	0	70	80	37.56	-12.44	4.46
1241	100	40	70	80	35.64	-6.63	1.79
1242	100	70	70	80	34.18	-2.54	0.33
1243	100	100	70	80	33.19	0.31	-0.43
1244	0	0	100	80	43.38	-0.77	18.71
1245	0	40	100	80	40.62	7.12	14.25
1246	0	70	100	80	38.67	11.59	11.68
1247	0	100	100	80	37.38	15.30	10.04
1248	40	0	100	80	40.87	-7.06	12.82
1249	40	40	100	80	38.68	0.25	9.55
1250	40	70	100	80	36.78	5.02	7.16
1251	40	100	100	80	35.70	8.28	5.70
1252	70	0	100	80	39.07	-10.65	9.45
1253	70	40	100	80	36.97	-4.21	6.39
1254	70	70	100	80	35.38	0.29	4.30
1255	70	100	100	80	34.17	3.43	2.94
1256	100	0	100	80	37.98	-13.39	7.12
1257	100	40	100	80	35.91	-7.39	4.18
1258	100	70	100	80	34.21	-3.22	2.28
1259	100	100	100	80	33.17	-0.35	1.07
1260	0	0	0	100	37.00	1.00	4.00
1261	0	40	0	100	35.78	5.65	3.60
1262	0	100	0	100	34.32	11.81	2.88
1263	40	0	0	100	35.61	-2.14	0.23
1264	40	40	0	100	34.56	2.27	-0.23
1265	40	100	0	100	33.32	7.31	-0.59
1266	100	0	0	100	34.17	-6.27	-4.51
1267	100	40	0	100	33.25	-2.66	-4.62
1268	100	100	0	100	31.84	2.28	-4.89
1269	0	0	40	100	37.86	0.48	8.37
1270	0	40	40	100	36.36	5.59	6.49
1271	0	100	40	100	34.85	11.84	5.26
1272	40	0	40	100	36.53	-3.59	4.34
1273	40	40	40	100	35.07	1.11	2.93
1274	40	100	40	100	33.64	7.08	1.85
1275	100	0	40	100	35.07	-8.21	-0.16
1276	100	40	40	100	33.64	-3.87	-1.36
1277	100	100	40	100	32.05	1.15	-2.07
1278	0	0	100	100	39.50	-0.31	14.11
1279	0	40	100	100	37.82	4.95	11.55
1280	0	100	100	100	35.57	12.23	8.45
1281	40	0	100	100	37.98	-5.00	9.89
1282	40	40	100	100	36.28	0.28	7.60
1283	40	100	100	100	34.04	6.88	4.97
1284	100	0	100	100	36.32	-10.90	5.43
1285	100	40	100	100	34.42	-6.08	3.55
1286	100	100	100	100	31.75	0.09	0.80
1287	100	0	0	0	59.00	-24.00	-26.00
1288	98	0	0	0	59.05	-23.91	-25.77
1289	95	0	0	0	59.32	-23.67	-25.45
1290	90	0	0	0	59.89	-23.17	-24.76
1291	85	0	0	0	60.53	-22.60	-24.02
1292	80	0	0	0	61.35	-21.92	-23.15
1293	75	0	0	0	62.25	-21.18	-22.23
1294	70	0	0	0	63.23	-20.30	-21.18
1295	60	0	0	0	65.43	-18.36	-18.75
1296	50	0	0	0	67.89	-16.09	-15.93
1297	40	0	0	0	70.69	-13.36	-12.59
1298	30	0	0	0	73.78	-10.35	-8.91
1299	25	0	0	0	75.43	-8.69	-6.89
1300	20	0	0	0	77.24	-6.87	-4.65
1301	15	0	0	0	79.01	-5.09	-2.45
1302	10	0	0	0	80.88	-3.20	-0.12
1303	7	0	0	0	82.09	-1.96	1.39
1304	5	0	0	0	82.90	-1.13	2.42
1305	3	0	0	0	83.73	-0.29	3.46
1306	2	0	0	0	84.14	0.13	3.98
1307	0	100	0	0	56.00	48.00	0.00
1308	0	98	0	0	56.14	47.70	0.04
1309	0	95	0	0	56.42	47.16	-0.04
1310	0	90	0	0	56.92	46.16	-0.18
1311	0	85	0	0	57.57	44.91	-0.37
1312	0	80	0	0	58.32	43.52	-0.57
1313	0	75	0	0	59.20	41.96	-0.74
1314	0	70	0	0	60.11	40.39	-0.85
1315	0	60	0	0	62.29	36.70	-0.90
1316	0	50	0	0	64.94	32.32	-0.64
1317	0	40	0	0	68.10	27.25	0.00
1318	0	30	0	0	71.53	21.84	0.82
1319	0	25	0	0	73.49	18.79	1.38
1320	0	20	0	0	75.59	15.53	2.01
1321	0	15	0	0	77.75	12.18	2.68
1322	0	10	0	0	79.97	8.74	3.38
1323	0	7	0	0	81.42	6.49	3.86
1324	0	5	0	0	82.44	4.91	4.19
1325	0	3	0	0	83.44	3.37	4.53
1326	0	2	0	0	83.94	2.60	4.70
1327	0	0	100	0	80.00	-2.00	60.00
1328	0	0	98	0	79.97	-1.92	59.59
1329	0	0	95	0	79.99	-1.92	58.89
1330	0	0	90	0	80.03	-1.89	57.66
1331	0	0	85	0	80.10	-1.91	56.20
1332	0	0	80	0	80.22	-1.96	54.53
1333	0	0	75	0	80.36	-2.01	52.71
1334	0	0	70	0	80.53	-2.02	50.70
1335	0	0	60	0	80.92	-1.95	46.13
1336	0	0	50	0	81.38	-1.77	40.89
1337	0	0	40	0	81.95	-1.41	34.82
1338	0	0	30	0	82.59	-0.98	28.50
1339	0	0	25	0	82.95	-0.72	25.00
1340	0	0	20	0	83.33	-0.42	21.23
1341	0	0	15	0	83.71	-0.10	17.47
1342	0	0	10	0	84.11	0.23	13.59
1343	0	0	7	0	84.37	0.46	11.05
1344	0	0	5	0	84.54	0.61	9.36
1345	0	0	3	0	84.71	0.76	7.67
1346	0	0	2	0	84.80	0.84	6.82
1347	0	0	0	100	37.00	1.00	4.00
1348	0	0	0	98	37.42	1.08	4.06
1349	0	0	0	95	38.03	1.09	4.07
1350	0	0	0	90	39.26	1.08	4.10
1351	0	0	0	85	40.67	1.07	4.11
1352	0	0	0	80	42.33	1.02	4.09
1353	0	0	0	75	44.16	1.02	4.07
1354	0	0	0	70	46.10	1.01	4.07
1355	0	0	0	60	50.31	0.98	4.09
1356	0	0	0	50	55.06	0.96	4.14
1357	0	0	0	40	60.23	0.95	4.25
1358	0	0	0	30	65.81	0.92	4.39
1359	0	0	0	25	68.79	0.92	4.46
1360	0	0	0	20	71.89	0.94	4.56
1361	0	0	0	15	74.98	0.95	4.66
1362	0	0	0	10	78.15	0.96	4.77
1363	0	0	0	7	80.18	0.98	4.84
1364	0	0	0	5	81.53	0.98	4.89
1365	0	0	0	3	82.89	0.99	4.95
1366	0	0	0	2	83.58	0.99	4.98
1367	0	0	0	0	85.00	1.00	5.00
1368	100	85	85	0	40.98	-1.65	0.04
1369	80	65	65	0	45.21	-1.54	0.52
1370	60	45	45	0	52.12	-1.35	1.03
1371	40	27	27	0	61.05	-1.26	1.60
1372	20	12	12	0	72.00	-0.75	2.53
1373	10	6	6	0	78.22	0.23	3.79
1374	5	3	3	0	81.55	0.67	4.39
1375	40	27	27	10	57.68	-1.14	1.79
1376	20	12	12	10	67.28	-0.66	2.61
1377	10	6	6	10	72.72	0.21	3.70
1378	60	45	45	20	47.59	-1.13	1.52
1379	40	27	27	20	54.38	-1.08	1.99
1380	20	12	12	20	62.57	-0.48	2.84
1381	10	6	6	20	67.27	0.25	3.71
1382	80	65	65	40	39.58	-1.45	1.13
1383	60	45	45	40	43.66	-1.11	1.73
1384	40	27	27	40	48.48	-0.88	2.21
1385	20	12	12	40	54.52	-0.30	3.04
1386	10	6	6	40	57.74	0.34	3.70
1387	100	85	85	60	35.28	-1.56	0.93
1388	80	65	65	60	37.29	-1.32	1.22
1389	60	45	45	60	40.16	-0.96	1.82
1390	40	27	27	60	43.40	-0.64	2.36
1391	20	12	12	60	47.44	-0.05	3.14
1392	10	6	6	60	49.49	0.42	3.62
1393	100	85	85	80	33.56	-1.27	0.89
1394	80	65	65	80	35.09	-1.05	1.17
1395	60	45	45	80	36.97	-0.77	1.71
1396	40	27	27	80	38.99	-0.40	2.32
1397	20	12	12	80	41.07	0.25	3.20
1398	10	6	6	80	42.19	0.54	3.59
1399	100	85	85	100	32.19	-0.75	0.68
1400	80	65	65	100	33.29	-0.79	0.95
1401	60	45	45	100	34.39	-0.49	1.50
1402	40	27	27	100	35.28	-0.13	2.23
1403	20	12	12	100	36.05	0.35	3.05
1404	10	6	6	100	36.41	0.70	3.57
1405	100	0	0	70	38.22	-9.32	-6.54
1406	0	100	0	70	37.77	17.69	2.32
1407	0	0	100	70	45.87	-1.00	21.59
1408	100	100	0	70	34.07	3.13	-6.73
1409	100	0	100	70	39.08	-15.01	8.11
1410	0	100	100	70	38.55	17.24	11.06
1411	40	40	0	70	39.13	3.29	-2.63
1412	40	0	40	70	42.64	-6.53	6.50
1413	0	40	40	70	42.31	8.71	9.46
1414	3	3	0	0	82.23	2.04	3.00
1415	3	0	3	0	83.45	-0.53	6.06
1416	0	3	3	0	83.20	3.10	7.02
1417	3	3	3	0	82.32	1.50	5.37
1418	3	0	0	3	81.70	-0.25	3.44
1419	0	3	0	3	81.49	3.17	4.49
1420	3	3	0	3	80.33	1.90	3.03
1421	0	0	3	3	82.65	0.77	7.36
1422	3	0	3	3	81.46	-0.48	5.82
1423	0	3	3	3	81.28	2.92	6.77
1424	3	3	3	3	80.60	1.38	5.20
1425	7	7	0	0	78.75	3.32	0.51
1426	7	0	7	0	81.48	-2.55	7.29
1427	0	7	7	0	80.89	5.87	9.45
1428	7	7	7	0	78.87	2.10	5.86
1429	7	0	0	7	77.60	-1.75	1.56
1430	0	7	0	7	77.04	5.89	3.82
1431	7	7	0	7	74.62	3.01	0.78
1432	0	0	7	7	79.64	0.49	10.23
1433	7	0	7	7	77.08	-2.30	6.83
1434	0	7	7	7	76.59	5.34	8.84
1435	7	7	7	7	75.04	1.90	5.57
1436	40	3	0	0	69.55	-11.40	-12.64
1437	3	40	0	0	67.23	25.57	-1.16
1438	40	0	3	0	70.45	-13.76	-10.24
1439	40	3	3	0	69.44	-11.84	-10.45
1440	0	40	3	0	67.97	26.93	1.84
1441	3	40	3	0	67.10	25.32	0.61
1442	40	40	3	0	58.05	8.14	-11.77
1443	3	0	40	0	80.74	-2.86	33.00
1444	0	3	40	0	80.54	0.88	33.54
1445	3	3	40	0	79.46	-0.68	31.91
1446	40	3	40	0	67.19	-15.96	13.39
1447	3	40	40	0	65.59	22.57	19.82
1448	40	0	0	3	69.18	-12.87	-11.98
1449	40	3	0	3	68.14	-11.05	-12.04
1450	0	40	0	3	66.77	26.23	0.15
1451	3	40	0	3	65.92	24.61	-0.97
1452	40	40	0	3	57.13	8.11	-12.74
1453	40	0	3	3	68.97	-13.24	-9.84
1454	40	3	3	3	68.07	-11.48	-10.04
1455	0	40	3	3	66.64	25.93	1.86
1456	3	40	3	3	65.83	24.42	0.67
1457	40	40	3	3	57.08	7.86	-11.34
1458	0	0	40	3	80.04	-1.34	33.58
1459	3	0	40	3	78.90	-2.75	31.86
1460	40	0	40	3	66.77	-17.31	13.68
1461	0	3	40	3	78.77	0.74	32.42
1462	3	3	40	3	77.77	-0.75	30.89
1463	40	3	40	3	65.95	-15.53	13.06
1464	0	40	40	3	65.17	23.40	20.57
1465	3	40	40	3	64.40	21.78	19.30
1466	40	40	40	3	56.28	4.27	5.39
1467	3	0	0	40	59.59	0.16	3.40
1468	0	3	0	40	59.50	2.23	4.03
1469	3	3	0	40	58.85	1.44	3.22
1470	40	3	0	40	52.11	-6.43	-5.47
1471	3	40	0	40	51.11	14.78	1.09
1472	0	0	3	40	60.17	0.79	5.69
1473	3	0	3	40	59.49	0.02	4.80
1474	40	0	3	40	52.61	-7.79	-4.17
1475	0	3	3	40	59.41	2.06	5.40
1476	3	3	3	40	59.90	1.12	4.50
1477	40	3	3	40	52.26	-6.75	-4.32
1478	0	40	3	40	51.57	15.59	2.81
1479	3	40	3	40	51.23	14.77	2.07
1480	40	40	3	40	46.04	4.89	-5.60
1481	3	0	40	40	58.94	-1.59	19.79
1482	0	3	40	40	58.88	0.62	20.19
1483	3	3	40	40	58.49	-0.36	19.45
1484	40	3	40	40	51.71	-9.85	8.89
1485	3	40	40	40	50.98	13.43	12.96
1486	0	0	0	10	78.15	0.96	4.77
1487	0	0	10	10	77.44	0.29	12.20
1488	0	0	20	10	76.85	-0.32	18.96
1489	0	0	40	10	75.75	-1.23	31.02
1490	0	0	70	10	74.44	-1.85	45.05
1491	0	10	0	10	73.87	7.70	3.41
1492	0	10	10	10	73.30	6.94	10.20
1493	0	10	20	10	72.77	6.29	16.44
1494	0	10	40	10	71.84	5.30	27.55
1495	0	10	70	10	70.69	4.58	40.56
1496	0	20	0	10	70.13	13.65	2.24
1497	0	20	10	10	69.61	12.86	8.46
1498	0	20	20	10	69.15	12.22	14.23
1499	0	20	40	10	68.29	11.33	24.38
1500	0	20	70	10	67.13	10.61	36.18
1501	0	40	0	10	63.61	23.97	0.51
1502	0	40	10	10	63.22	23.15	5.86
1503	0	40	20	10	62.88	22.46	10.69
1504	0	40	40	10	62.27	21.53	19.30
1505	0	40	70	10	61.28	20.76	29.22
1506	0	70	0	10	56.50	35.78	-0.27
1507	0	70	10	10	56.25	34.95	3.98
1508	0	70	20	10	56.02	34.30	7.84
1509	0	70	40	10	55.60	33.29	14.55
1510	0	70	70	10	54.92	32.43	22.23
1511	10	0	0	10	74.63	-2.75	0.29
1512	10	0	10	10	73.95	-3.57	7.52
1513	10	0	20	10	73.39	-4.32	14.13
1514	10	0	40	10	72.37	-5.46	25.87
1515	10	0	70	10	71.18	-6.25	39.74
1516	10	10	0	10	70.65	3.68	-0.73
1517	10	10	10	10	71.15	2.18	5.68
1518	10	10	20	10	70.62	1.37	12.05
1519	10	10	40	10	69.36	0.33	23.32
1520	10	10	70	10	67.83	-0.38	35.86
1521	10	20	0	10	67.16	9.37	-1.63
1522	10	20	10	10	67.59	8.06	4.21
1523	10	20	20	10	67.14	7.25	10.02
1524	10	20	40	10	66.04	6.19	20.39
1525	10	20	70	10	64.67	5.39	31.96
1526	10	40	0	10	61.08	19.18	-2.93
1527	10	40	10	10	61.01	18.71	1.94
1528	10	40	20	10	60.72	17.91	6.76
1529	10	40	40	10	60.10	16.69	15.42
1530	10	40	70	10	59.09	15.64	25.34
1531	10	70	0	10	54.43	30.39	-3.38
1532	10	70	10	10	54.05	30.32	0.54
1533	10	70	20	10	53.85	29.61	4.25
1534	10	70	40	10	53.47	28.48	10.86
1535	10	70	70	10	52.81	27.46	18.54
1536	20	0	0	10	71.48	-6.00	-3.67
1537	20	0	10	10	70.79	-6.97	3.36
1538	20	0	20	10	70.23	-7.88	9.81
1539	20	0	40	10	69.23	-9.36	21.09
1540	20	0	70	10	67.88	-10.43	34.34
1541	20	10	0	10	67.75	0.13	-4.45
1542	20	10	10	10	68.08	-1.64	1.55
1543	20	10	20	10	67.59	-2.59	7.78
1544	20	10	40	10	66.42	-3.86	18.69
1545	20	10	70	10	64.94	-4.71	30.98
1546	20	20	0	10	64.46	5.61	-5.14
1547	20	20	10	10	64.76	4.03	0.35
1548	20	20	20	10	64.37	3.06	5.99
1549	20	20	40	10	63.52	1.57	16.17
1550	20	20	70	10	62.26	0.56	27.78
1551	20	40	0	10	58.83	14.98	-6.03
1552	20	40	10	10	58.72	14.22	-1.45
1553	20	40	20	10	58.54	13.38	3.12
1554	20	40	40	10	57.96	11.92	11.58
1555	20	40	70	10	57.01	10.72	21.57
1556	20	70	0	10	52.61	25.61	-6.22
1557	20	70	10	10	52.22	25.40	-2.49
1558	20	70	20	10	51.96	24.98	0.96
1559	20	70	40	10	51.59	23.72	7.42
1560	20	70	70	10	50.96	22.52	15.11
1561	40	0	0	10	65.75	-11.76	-10.59
1562	40	0	10	10	65.13	-13.00	-3.92
1563	40	0	20	10	64.62	-14.14	2.25
1564	40	0	40	10	63.69	-16.07	12.96
1565	40	0	70	10	62.33	-17.61	25.41
1566	40	10	0	10	62.53	-6.14	-10.90
1567	40	10	10	10	62.69	-7.82	-5.13
1568	40	10	20	10	62.27	-9.02	0.71
1569	40	10	40	10	61.39	-10.89	11.08
1570	40	10	70	10	59.95	-12.25	22.78
1571	40	20	0	10	59.66	-1.10	-11.19
1572	40	20	10	10	59.86	-2.65	-5.93
1573	40	20	20	10	59.71	-3.93	-0.68
1574	40	20	40	10	58.98	-5.80	9.04
1575	40	20	70	10	57.76	-7.31	20.18
1576	40	40	0	10	54.76	7.47	-11.42
1577	40	40	10	10	54.76	6.62	-7.11
1578	40	40	20	10	54.67	5.64	-2.81
1579	40	40	40	10	54.26	3.92	5.28
1580	40	40	70	10	53.37	2.29	15.08
1581	40	70	0	10	49.33	17.18	-11.14
1582	40	70	10	10	49.02	16.90	-7.62
1583	40	70	20	10	48.82	16.45	-4.35
1584	40	70	40	10	48.48	15.24	1.78
1585	40	70	70	10	47.88	13.70	9.41
1586	70	0	0	10	59.11	-18.05	-18.11
1587	70	0	10	10	58.53	-19.59	-11.91
1588	70	0	20	10	58.01	-21.09	-5.90
1589	70	0	40	10	57.11	-23.51	4.17
1590	70	0	70	10	55.94	-25.73	15.71
1591	70	10	0	10	56.44	-13.04	-17.88
1592	70	10	10	10	56.19	-14.92	-12.45
1593	70	10	20	10	55.78	-16.37	-7.03
1594	70	10	40	10	55.02	-18.80	2.49
1595	70	10	70	10	53.95	-21.05	13.55
1596	70	20	0	10	54.07	-8.53	-17.67
1597	70	20	10	10	53.91	-10.36	-12.77
1598	70	20	20	10	53.71	-12.01	-8.02
1599	70	20	40	10	53.06	-14.39	0.89
1600	70	20	70	10	52.11	-16.64	11.41
1601	70	40	0	10	50.03	-0.89	-17.21
1602	70	40	10	10	49.84	-2.24	-13.21
1603	70	40	20	10	49.68	-3.57	-9.33
1604	70	40	40	10	49.32	-5.79	-1.91
1605	70	40	70	10	48.53	-7.98	7.36
1606	70	70	0	10	45.52	7.59	-16.47
1607	70	70	10	10	45.17	6.88	-13.27
1608	70	70	20	10	44.93	6.07	-10.25
1609	70	70	40	10	44.57	4.41	-4.47
1610	70	70	70	10	43.95	2.50	2.80
1611	50	40	40	0	55.18	0.47	2.50
1612	100	0	0	10	54.95	-21.35	-21.92
1613	0	100	0	10	52.55	42.36	0.59
1614	0	0	100	10	73.48	-1.75	52.91
1615	0	100	100	10	51.08	38.91	22.30
1616	100	0	100	10	51.75	-31.32	15.75
1617	100	100	0	10	40.82	6.09	-18.75
END_DATA							
